191.463305	0.381679389312977
201.463305	0.381679389312977
211.463305	0.381679389312977
221.463305	0.381679389312977
231.463305	0.381679389312977
241.463305	0.381679389312977
251.463305	0.381679389312977
261.463305	0.381679389312977
271.463305	0.381679389312977
281.463305	0.381679389312977
291.463305	0.763358778625954
301.463305	0.763358778625954
311.463305	0.763358778625954
321.463305	0.763358778625954
331.463305	0.763358778625954
341.463305	0.763358778625954
351.463305	0.763358778625954
361.463305	0.763358778625954
371.463305	1.14503816793893
381.463305	1.52671755725191
391.463305	1.52671755725191
401.463305	1.90839694656489
411.463305	1.90839694656489
421.463305	1.90839694656489
431.463305	1.90839694656489
441.463305	1.90839694656489
451.463305	1.90839694656489
461.463305	1.90839694656489
471.463305	1.90839694656489
481.463305	1.90839694656489
491.463305	1.90839694656489
501.463305	1.90839694656489
511.463305	1.90839694656489
521.463305	1.90839694656489
531.463305	1.90839694656489
541.463305	1.90839694656489
551.463305	1.90839694656489
561.463305	1.90839694656489
571.463305	1.90839694656489
581.463305	2.29007633587786
591.463305	2.29007633587786
601.463305	2.29007633587786
611.463305	2.29007633587786
621.463305	2.29007633587786
631.463305	2.29007633587786
641.463305	2.29007633587786
651.463305	2.29007633587786
661.463305	2.29007633587786
671.463305	3.05343511450382
681.463305	3.05343511450382
691.463305	3.05343511450382
701.463305	3.05343511450382
711.463305	3.05343511450382
721.463305	3.05343511450382
731.463305	3.05343511450382
741.463305	3.05343511450382
751.463305	3.05343511450382
761.463305	3.05343511450382
771.463305	3.05343511450382
781.463305	3.05343511450382
791.463305	3.43511450381679
801.463305	3.43511450381679
811.463305	3.43511450381679
821.463305	3.43511450381679
831.463305	3.43511450381679
841.463305	3.43511450381679
851.463305	3.43511450381679
861.463305	3.43511450381679
871.463305	3.43511450381679
881.463305	3.43511450381679
891.463305	3.43511450381679
901.463305	3.43511450381679
911.463305	3.43511450381679
921.463305	3.81679389312977
931.463305	4.19847328244275
941.463305	4.19847328244275
951.463305	4.19847328244275
961.463305	4.19847328244275
971.463305	4.19847328244275
981.463305	4.58015267175572
991.463305	4.58015267175572
1001.463305	4.58015267175572
1011.463305	4.9618320610687
1021.463305	5.34351145038168
1031.463305	5.34351145038168
1041.463305	5.34351145038168
1051.463305	5.34351145038168
1061.463305	5.34351145038168
1071.463305	5.34351145038168
1081.463305	5.34351145038168
1091.463305	5.34351145038168
1101.463305	5.34351145038168
1111.463305	5.34351145038168
1121.463305	5.34351145038168
1131.463305	5.34351145038168
1141.463305	6.10687022900763
1151.463305	6.10687022900763
1161.463305	6.10687022900763
1171.463305	6.10687022900763
1181.463305	6.10687022900763
1191.463305	6.10687022900763
1201.463305	6.10687022900763
1211.463305	6.48854961832061
1221.463305	6.48854961832061
1231.463305	6.48854961832061
1241.463305	6.87022900763359
1251.463305	6.87022900763359
1261.463305	6.87022900763359
1271.463305	6.87022900763359
1281.463305	6.87022900763359
1291.463305	6.87022900763359
1301.463305	7.25190839694656
1311.463305	7.25190839694656
1321.463305	7.25190839694656
1331.463305	7.25190839694656
1341.463305	7.25190839694656
1351.463305	7.25190839694656
1361.463305	8.01526717557252
1371.463305	8.3969465648855
1381.463305	8.3969465648855
1391.463305	8.3969465648855
1401.463305	9.16030534351145
1411.463305	9.54198473282443
1421.463305	9.54198473282443
1431.463305	9.54198473282443
1441.463305	9.54198473282443
1451.463305	9.54198473282443
1461.463305	9.9236641221374
1471.463305	9.9236641221374
1481.463305	10.3053435114504
1491.463305	10.3053435114504
1501.463305	11.0687022900763
1511.463305	11.8320610687023
1521.463305	11.8320610687023
1531.463305	11.8320610687023
1541.463305	11.8320610687023
1551.463305	11.8320610687023
1561.463305	11.8320610687023
1571.463305	12.2137404580153
1581.463305	12.5954198473282
1591.463305	12.5954198473282
1601.463305	12.9770992366412
1611.463305	12.9770992366412
1621.463305	12.9770992366412
1631.463305	12.9770992366412
1641.463305	13.3587786259542
1651.463305	13.3587786259542
1661.463305	13.3587786259542
1671.463305	13.3587786259542
1681.463305	13.7404580152672
1691.463305	13.7404580152672
1701.463305	14.1221374045802
1711.463305	14.5038167938931
1721.463305	14.5038167938931
1731.463305	14.8854961832061
1741.463305	14.8854961832061
1751.463305	14.8854961832061
1761.463305	14.8854961832061
1771.463305	14.8854961832061
1781.463305	15.2671755725191
1791.463305	16.412213740458
1801.463305	16.412213740458
1811.463305	16.793893129771
1821.463305	17.175572519084
1831.463305	17.5572519083969
1841.463305	17.5572519083969
1851.463305	17.5572519083969
1861.463305	17.9389312977099
1871.463305	18.3206106870229
1881.463305	18.7022900763359
1891.463305	18.7022900763359
1901.463305	18.7022900763359
1911.463305	19.0839694656489
1921.463305	19.0839694656489
1931.463305	19.0839694656489
1941.463305	19.8473282442748
1951.463305	19.8473282442748
1961.463305	19.8473282442748
1971.463305	20.2290076335878
1981.463305	20.2290076335878
1991.463305	20.2290076335878
2001.463305	20.2290076335878
2011.463305	20.2290076335878
2021.463305	20.2290076335878
2031.463305	20.6106870229008
2041.463305	20.9923664122137
2051.463305	20.9923664122137
2061.463305	21.3740458015267
2071.463305	21.3740458015267
2081.463305	21.7557251908397
2091.463305	21.7557251908397
2101.463305	22.1374045801527
2111.463305	22.1374045801527
2121.463305	22.5190839694656
2131.463305	22.5190839694656
2141.463305	22.5190839694656
2151.463305	23.6641221374046
2161.463305	23.6641221374046
2171.463305	24.0458015267176
2181.463305	24.0458015267176
2191.463305	24.0458015267176
2201.463305	24.8091603053435
2211.463305	24.8091603053435
2221.463305	25.1908396946565
2231.463305	25.9541984732824
2241.463305	25.9541984732824
2251.463305	25.9541984732824
2261.463305	25.9541984732824
2271.463305	25.9541984732824
2281.463305	26.3358778625954
2291.463305	26.3358778625954
2301.463305	26.3358778625954
2311.463305	26.3358778625954
2321.463305	26.3358778625954
2331.463305	26.3358778625954
2341.463305	26.3358778625954
2351.463305	26.7175572519084
2361.463305	26.7175572519084
2371.463305	27.0992366412214
2381.463305	27.0992366412214
2391.463305	27.4809160305344
2401.463305	28.2442748091603
2411.463305	28.2442748091603
2421.463305	28.2442748091603
2431.463305	28.2442748091603
2441.463305	28.2442748091603
2451.463305	28.2442748091603
2461.463305	28.2442748091603
2471.463305	28.2442748091603
2481.463305	28.2442748091603
2491.463305	28.6259541984733
2501.463305	29.0076335877863
2511.463305	29.0076335877863
2521.463305	29.0076335877863
2531.463305	29.3893129770992
2541.463305	29.3893129770992
2551.463305	29.3893129770992
2561.463305	29.7709923664122
2571.463305	29.7709923664122
2581.463305	29.7709923664122
2591.463305	29.7709923664122
2601.463305	29.7709923664122
2611.463305	30.1526717557252
2621.463305	30.1526717557252
2631.463305	30.5343511450382
2641.463305	30.5343511450382
2651.463305	30.5343511450382
2661.463305	30.5343511450382
2671.463305	30.9160305343511
2681.463305	31.2977099236641
2691.463305	31.2977099236641
2701.463305	31.2977099236641
2711.463305	31.2977099236641
2721.463305	31.2977099236641
2731.463305	31.6793893129771
2741.463305	31.6793893129771
2751.463305	32.4427480916031
2761.463305	32.824427480916
2771.463305	32.824427480916
2781.463305	33.206106870229
2791.463305	33.206106870229
2801.463305	33.587786259542
2811.463305	33.587786259542
2821.463305	33.587786259542
2831.463305	34.3511450381679
2841.463305	34.3511450381679
2851.463305	34.3511450381679
2861.463305	34.3511450381679
2871.463305	34.7328244274809
2881.463305	34.7328244274809
2891.463305	35.1145038167939
2901.463305	35.8778625954198
2911.463305	36.2595419847328
2921.463305	36.6412213740458
2931.463305	36.6412213740458
2941.463305	36.6412213740458
2951.463305	36.6412213740458
2961.463305	37.4045801526718
2971.463305	37.4045801526718
2981.463305	37.4045801526718
2991.463305	37.4045801526718
3001.463305	37.7862595419847
3011.463305	37.7862595419847
3021.463305	38.1679389312977
3031.463305	38.1679389312977
3041.463305	38.1679389312977
3051.463305	38.1679389312977
3061.463305	38.1679389312977
3071.463305	38.5496183206107
3081.463305	38.5496183206107
3091.463305	38.5496183206107
3101.463305	38.5496183206107
3111.463305	38.9312977099237
3121.463305	39.3129770992366
3131.463305	39.3129770992366
3141.463305	39.3129770992366
3151.463305	39.3129770992366
3161.463305	39.6946564885496
3171.463305	40.0763358778626
3181.463305	40.0763358778626
3191.463305	40.0763358778626
3201.463305	40.0763358778626
3211.463305	40.0763358778626
3221.463305	40.0763358778626
3231.463305	40.0763358778626
3241.463305	40.4580152671756
3251.463305	40.4580152671756
3261.463305	40.4580152671756
3271.463305	40.4580152671756
3281.463305	40.4580152671756
3291.463305	40.4580152671756
3301.463305	40.8396946564885
3311.463305	40.8396946564885
3321.463305	41.2213740458015
3331.463305	41.2213740458015
3341.463305	41.2213740458015
3351.463305	41.2213740458015
3361.463305	41.2213740458015
3371.463305	41.2213740458015
3381.463305	41.2213740458015
3391.463305	41.2213740458015
3401.463305	41.2213740458015
3411.463305	41.2213740458015
3421.463305	41.6030534351145
3431.463305	41.9847328244275
3441.463305	41.9847328244275
3451.463305	41.9847328244275
3461.463305	42.3664122137405
3471.463305	42.3664122137405
3481.463305	42.3664122137405
3491.463305	42.3664122137405
3501.463305	42.3664122137405
3511.463305	42.7480916030534
3521.463305	42.7480916030534
3531.463305	42.7480916030534
3541.463305	42.7480916030534
3551.463305	42.7480916030534
3561.463305	42.7480916030534
3571.463305	43.1297709923664
3581.463305	43.5114503816794
3591.463305	43.8931297709924
3601.463305	44.2748091603053
3611.463305	44.2748091603053
3621.463305	44.2748091603053
3631.463305	44.2748091603053
3641.463305	44.2748091603053
3651.463305	44.2748091603053
3661.463305	44.6564885496183
3671.463305	45.0381679389313
3681.463305	45.0381679389313
3691.463305	45.4198473282443
3701.463305	45.4198473282443
3711.463305	45.4198473282443
3721.463305	46.1832061068702
3731.463305	46.1832061068702
3741.463305	46.1832061068702
3751.463305	46.1832061068702
3761.463305	46.1832061068702
3771.463305	46.1832061068702
3781.463305	46.5648854961832
3791.463305	46.5648854961832
3801.463305	46.5648854961832
3811.463305	46.5648854961832
3821.463305	46.5648854961832
3831.463305	46.5648854961832
3841.463305	46.5648854961832
3851.463305	46.9465648854962
3861.463305	46.9465648854962
3871.463305	47.3282442748092
3881.463305	47.3282442748092
3891.463305	47.3282442748092
3901.463305	47.3282442748092
3911.463305	47.3282442748092
3921.463305	47.3282442748092
3931.463305	47.3282442748092
3941.463305	47.3282442748092
3951.463305	47.3282442748092
3961.463305	47.3282442748092
3971.463305	47.7099236641221
3981.463305	47.7099236641221
3991.463305	47.7099236641221
4001.463305	47.7099236641221
4011.463305	47.7099236641221
4021.463305	47.7099236641221
4031.463305	47.7099236641221
4041.463305	47.7099236641221
4051.463305	48.8549618320611
4061.463305	48.8549618320611
4071.463305	49.236641221374
4081.463305	49.236641221374
4091.463305	49.236641221374
4101.463305	49.236641221374
4111.463305	49.618320610687
4121.463305	49.618320610687
4131.463305	49.618320610687
4141.463305	49.618320610687
4151.463305	50
4161.463305	50
4171.463305	50.381679389313
4181.463305	50.763358778626
4191.463305	50.763358778626
4201.463305	50.763358778626
4211.463305	50.763358778626
4221.463305	50.763358778626
4231.463305	50.763358778626
4241.463305	50.763358778626
4251.463305	50.763358778626
4261.463305	50.763358778626
4271.463305	50.763358778626
4281.463305	50.763358778626
4291.463305	50.763358778626
4301.463305	50.763358778626
4311.463305	50.763358778626
4321.463305	50.763358778626
4331.463305	51.1450381679389
4341.463305	51.1450381679389
4351.463305	51.1450381679389
4361.463305	51.1450381679389
4371.463305	51.1450381679389
4381.463305	51.1450381679389
4391.463305	51.1450381679389
4401.463305	51.1450381679389
4411.463305	51.1450381679389
4421.463305	51.1450381679389
4431.463305	51.1450381679389
4441.463305	51.1450381679389
4451.463305	51.5267175572519
4461.463305	51.9083969465649
4471.463305	52.2900763358779
4481.463305	52.2900763358779
4491.463305	52.2900763358779
4501.463305	52.6717557251908
4511.463305	53.0534351145038
4521.463305	53.0534351145038
4531.463305	53.0534351145038
4541.463305	53.0534351145038
4551.463305	53.0534351145038
4561.463305	53.0534351145038
4571.463305	53.0534351145038
4581.463305	53.0534351145038
4591.463305	53.4351145038168
4601.463305	53.4351145038168
4611.463305	53.4351145038168
4621.463305	53.4351145038168
4631.463305	53.4351145038168
4641.463305	53.4351145038168
4651.463305	53.4351145038168
4661.463305	53.4351145038168
4671.463305	53.4351145038168
4681.463305	53.4351145038168
4691.463305	53.4351145038168
4701.463305	53.4351145038168
4711.463305	53.4351145038168
4721.463305	53.4351145038168
4731.463305	53.4351145038168
4741.463305	53.4351145038168
4751.463305	53.8167938931298
4761.463305	54.1984732824427
4771.463305	54.1984732824427
4781.463305	54.1984732824427
4791.463305	54.1984732824427
4801.463305	54.1984732824427
4811.463305	54.1984732824427
4821.463305	54.9618320610687
4831.463305	54.9618320610687
4841.463305	55.7251908396947
4851.463305	55.7251908396947
4861.463305	55.7251908396947
4871.463305	56.1068702290076
4881.463305	56.1068702290076
4891.463305	56.4885496183206
4901.463305	56.4885496183206
4911.463305	56.4885496183206
4921.463305	56.4885496183206
4931.463305	56.4885496183206
4941.463305	56.8702290076336
4951.463305	56.8702290076336
4961.463305	56.8702290076336
4971.463305	56.8702290076336
4981.463305	56.8702290076336
4991.463305	56.8702290076336
5001.463305	56.8702290076336
5011.463305	56.8702290076336
5021.463305	56.8702290076336
5031.463305	56.8702290076336
5041.463305	57.2519083969466
5051.463305	57.2519083969466
5061.463305	57.2519083969466
5071.463305	57.2519083969466
5081.463305	57.2519083969466
5091.463305	57.2519083969466
5101.463305	57.2519083969466
5111.463305	57.2519083969466
5121.463305	57.6335877862595
5131.463305	57.6335877862595
5141.463305	57.6335877862595
5151.463305	57.6335877862595
5161.463305	58.0152671755725
5171.463305	58.3969465648855
5181.463305	58.3969465648855
5191.463305	58.7786259541985
5201.463305	58.7786259541985
5211.463305	58.7786259541985
5221.463305	58.7786259541985
5231.463305	59.5419847328244
5241.463305	59.9236641221374
5251.463305	59.9236641221374
5261.463305	59.9236641221374
5271.463305	59.9236641221374
5281.463305	59.9236641221374
5291.463305	59.9236641221374
5301.463305	60.3053435114504
5311.463305	60.3053435114504
5321.463305	60.3053435114504
5331.463305	60.3053435114504
5341.463305	60.3053435114504
5351.463305	60.3053435114504
5361.463305	60.3053435114504
5371.463305	60.3053435114504
5381.463305	60.3053435114504
5391.463305	60.3053435114504
5401.463305	60.3053435114504
5411.463305	60.3053435114504
5421.463305	60.3053435114504
5431.463305	60.3053435114504
5441.463305	60.3053435114504
5451.463305	60.3053435114504
5461.463305	60.3053435114504
5471.463305	60.3053435114504
5481.463305	60.3053435114504
5491.463305	60.3053435114504
5501.463305	60.3053435114504
5511.463305	60.3053435114504
5521.463305	60.3053435114504
5531.463305	60.6870229007634
5541.463305	60.6870229007634
5551.463305	60.6870229007634
5561.463305	60.6870229007634
5571.463305	60.6870229007634
5581.463305	60.6870229007634
5591.463305	60.6870229007634
5601.463305	60.6870229007634
5611.463305	60.6870229007634
5621.463305	60.6870229007634
5631.463305	61.4503816793893
5641.463305	61.4503816793893
5651.463305	61.4503816793893
5661.463305	61.4503816793893
5671.463305	61.4503816793893
5681.463305	61.4503816793893
5691.463305	61.4503816793893
5701.463305	61.4503816793893
5711.463305	61.4503816793893
5721.463305	61.4503816793893
5731.463305	61.8320610687023
5741.463305	61.8320610687023
5751.463305	62.2137404580153
5761.463305	62.9770992366412
5771.463305	62.9770992366412
5781.463305	62.9770992366412
5791.463305	62.9770992366412
5801.463305	63.3587786259542
5811.463305	63.7404580152672
5821.463305	63.7404580152672
5831.463305	63.7404580152672
5841.463305	63.7404580152672
5851.463305	63.7404580152672
5861.463305	64.1221374045802
5871.463305	64.5038167938931
5881.463305	64.5038167938931
5891.463305	64.5038167938931
5901.463305	64.5038167938931
5911.463305	64.5038167938931
5921.463305	64.5038167938931
5931.463305	64.5038167938931
5941.463305	64.5038167938931
5951.463305	64.8854961832061
5961.463305	64.8854961832061
5971.463305	64.8854961832061
5981.463305	64.8854961832061
5991.463305	65.2671755725191
6001.463305	65.2671755725191
6011.463305	65.2671755725191
6021.463305	65.2671755725191
6031.463305	65.2671755725191
6041.463305	65.2671755725191
6051.463305	65.2671755725191
6061.463305	65.2671755725191
6071.463305	65.2671755725191
6081.463305	65.2671755725191
6091.463305	65.2671755725191
6101.463305	65.2671755725191
6111.463305	65.2671755725191
6121.463305	65.2671755725191
6131.463305	65.2671755725191
6141.463305	65.2671755725191
6151.463305	65.2671755725191
6161.463305	65.2671755725191
6171.463305	65.6488549618321
6181.463305	65.6488549618321
6191.463305	66.412213740458
6201.463305	66.412213740458
6211.463305	66.412213740458
6221.463305	66.793893129771
6231.463305	67.175572519084
6241.463305	67.175572519084
6251.463305	67.175572519084
6261.463305	67.175572519084
6271.463305	67.175572519084
6281.463305	67.175572519084
6291.463305	67.175572519084
6301.463305	67.175572519084
6311.463305	67.175572519084
6321.463305	67.175572519084
6331.463305	67.5572519083969
6341.463305	67.9389312977099
6351.463305	67.9389312977099
6361.463305	68.3206106870229
6371.463305	68.3206106870229
6381.463305	68.3206106870229
6391.463305	68.3206106870229
6401.463305	68.3206106870229
6411.463305	68.7022900763359
6421.463305	68.7022900763359
6431.463305	69.0839694656488
6441.463305	69.0839694656488
6451.463305	69.0839694656488
6461.463305	69.0839694656488
6471.463305	69.0839694656488
6481.463305	69.0839694656488
6491.463305	69.0839694656488
6501.463305	69.0839694656488
6511.463305	69.4656488549618
6521.463305	69.4656488549618
6531.463305	69.4656488549618
6541.463305	69.4656488549618
6551.463305	69.4656488549618
6561.463305	69.4656488549618
6571.463305	69.4656488549618
6581.463305	69.8473282442748
6591.463305	70.6106870229008
6601.463305	70.6106870229008
6611.463305	70.6106870229008
6621.463305	70.6106870229008
6631.463305	70.6106870229008
6641.463305	70.6106870229008
6651.463305	70.9923664122137
6661.463305	70.9923664122137
6671.463305	70.9923664122137
6681.463305	70.9923664122137
6691.463305	70.9923664122137
6701.463305	70.9923664122137
6711.463305	70.9923664122137
6721.463305	71.3740458015267
6731.463305	71.7557251908397
6741.463305	71.7557251908397
6751.463305	71.7557251908397
6761.463305	72.1374045801527
6771.463305	72.1374045801527
6781.463305	72.1374045801527
6791.463305	72.1374045801527
6801.463305	72.1374045801527
6811.463305	72.1374045801527
6821.463305	72.1374045801527
6831.463305	72.1374045801527
6841.463305	72.1374045801527
6851.463305	72.1374045801527
6861.463305	72.1374045801527
6871.463305	72.1374045801527
6881.463305	72.1374045801527
6891.463305	72.1374045801527
6901.463305	72.5190839694657
6911.463305	72.5190839694657
6921.463305	72.5190839694657
6931.463305	72.5190839694657
6941.463305	72.9007633587786
6951.463305	72.9007633587786
6961.463305	72.9007633587786
6971.463305	72.9007633587786
6981.463305	72.9007633587786
6991.463305	72.9007633587786
7001.463305	73.2824427480916
7011.463305	73.2824427480916
7021.463305	73.2824427480916
7031.463305	73.2824427480916
7041.463305	73.2824427480916
7051.463305	73.2824427480916
7061.463305	73.2824427480916
7071.463305	73.2824427480916
7081.463305	73.2824427480916
7091.463305	73.2824427480916
7101.463305	73.2824427480916
7111.463305	73.6641221374046
7121.463305	74.0458015267176
7131.463305	74.0458015267176
7141.463305	74.0458015267176
7151.463305	74.0458015267176
7161.463305	74.0458015267176
7171.463305	74.0458015267176
7181.463305	74.0458015267176
7191.463305	74.0458015267176
7201.463305	74.0458015267176
7211.463305	74.0458015267176
7221.463305	74.4274809160305
7231.463305	74.4274809160305
7241.463305	74.4274809160305
7251.463305	74.4274809160305
7261.463305	74.4274809160305
7271.463305	74.4274809160305
7281.463305	74.4274809160305
7291.463305	74.4274809160305
7301.463305	74.4274809160305
7311.463305	74.4274809160305
7321.463305	74.4274809160305
7331.463305	74.4274809160305
7341.463305	74.4274809160305
7351.463305	74.4274809160305
7361.463305	74.4274809160305
7371.463305	74.4274809160305
7381.463305	74.4274809160305
7391.463305	74.4274809160305
7401.463305	74.4274809160305
7411.463305	74.4274809160305
7421.463305	74.4274809160305
7431.463305	74.4274809160305
7441.463305	74.8091603053435
7451.463305	74.8091603053435
7461.463305	74.8091603053435
7471.463305	74.8091603053435
7481.463305	74.8091603053435
7491.463305	74.8091603053435
7501.463305	74.8091603053435
7511.463305	74.8091603053435
7521.463305	74.8091603053435
7531.463305	74.8091603053435
7541.463305	74.8091603053435
7551.463305	74.8091603053435
7561.463305	74.8091603053435
7571.463305	74.8091603053435
7581.463305	74.8091603053435
7591.463305	74.8091603053435
7601.463305	74.8091603053435
7611.463305	74.8091603053435
7621.463305	74.8091603053435
7631.463305	74.8091603053435
7641.463305	74.8091603053435
7651.463305	74.8091603053435
7661.463305	74.8091603053435
7671.463305	74.8091603053435
7681.463305	74.8091603053435
7691.463305	74.8091603053435
7701.463305	74.8091603053435
7711.463305	74.8091603053435
7721.463305	74.8091603053435
7731.463305	75.1908396946565
7741.463305	75.1908396946565
7751.463305	75.1908396946565
7761.463305	75.1908396946565
7771.463305	75.1908396946565
7781.463305	75.1908396946565
7791.463305	75.1908396946565
7801.463305	75.1908396946565
7811.463305	75.1908396946565
7821.463305	75.1908396946565
7831.463305	75.1908396946565
7841.463305	75.1908396946565
7851.463305	75.1908396946565
7861.463305	75.1908396946565
7871.463305	75.9541984732824
7881.463305	75.9541984732824
7891.463305	75.9541984732824
7901.463305	75.9541984732824
7911.463305	75.9541984732824
7921.463305	75.9541984732824
7931.463305	75.9541984732824
7941.463305	75.9541984732824
7951.463305	76.3358778625954
7961.463305	76.7175572519084
7971.463305	76.7175572519084
7981.463305	76.7175572519084
7991.463305	76.7175572519084
8001.463305	76.7175572519084
8011.463305	76.7175572519084
8021.463305	76.7175572519084
8031.463305	76.7175572519084
8041.463305	76.7175572519084
8051.463305	76.7175572519084
8061.463305	76.7175572519084
8071.463305	76.7175572519084
8081.463305	76.7175572519084
8091.463305	76.7175572519084
8101.463305	76.7175572519084
8111.463305	76.7175572519084
8121.463305	76.7175572519084
8131.463305	76.7175572519084
8141.463305	76.7175572519084
8151.463305	76.7175572519084
8161.463305	76.7175572519084
8171.463305	77.0992366412214
8181.463305	77.0992366412214
8191.463305	77.0992366412214
8201.463305	77.0992366412214
8211.463305	77.0992366412214
8221.463305	77.0992366412214
8231.463305	77.0992366412214
8241.463305	77.0992366412214
8251.463305	77.0992366412214
8261.463305	77.0992366412214
8271.463305	77.0992366412214
8281.463305	77.0992366412214
8291.463305	77.4809160305343
8301.463305	77.4809160305343
8311.463305	77.4809160305343
8321.463305	77.4809160305343
8331.463305	77.4809160305343
8341.463305	77.4809160305343
8351.463305	77.4809160305343
8361.463305	77.4809160305343
8371.463305	77.4809160305343
8381.463305	77.4809160305343
8391.463305	77.4809160305343
8401.463305	77.4809160305343
8411.463305	77.4809160305343
8421.463305	77.8625954198473
8431.463305	77.8625954198473
8441.463305	77.8625954198473
8451.463305	77.8625954198473
8461.463305	77.8625954198473
8471.463305	77.8625954198473
8481.463305	77.8625954198473
8491.463305	77.8625954198473
8501.463305	77.8625954198473
8511.463305	77.8625954198473
8521.463305	77.8625954198473
8531.463305	77.8625954198473
8541.463305	78.2442748091603
8551.463305	78.2442748091603
8561.463305	78.2442748091603
8571.463305	79.0076335877863
8581.463305	79.0076335877863
8591.463305	79.0076335877863
8601.463305	79.0076335877863
8611.463305	79.0076335877863
8621.463305	79.0076335877863
8631.463305	79.0076335877863
8641.463305	79.0076335877863
8651.463305	79.0076335877863
8661.463305	79.3893129770992
8671.463305	79.3893129770992
8681.463305	79.3893129770992
8691.463305	79.3893129770992
8701.463305	79.3893129770992
8711.463305	79.3893129770992
8721.463305	79.3893129770992
8731.463305	79.3893129770992
8741.463305	79.3893129770992
8751.463305	79.3893129770992
8761.463305	79.3893129770992
8771.463305	79.3893129770992
8781.463305	79.3893129770992
8791.463305	79.3893129770992
8801.463305	79.7709923664122
8811.463305	79.7709923664122
8821.463305	79.7709923664122
8831.463305	79.7709923664122
8841.463305	79.7709923664122
8851.463305	80.1526717557252
8861.463305	80.1526717557252
8871.463305	80.1526717557252
8881.463305	80.1526717557252
8891.463305	80.1526717557252
8901.463305	80.1526717557252
8911.463305	80.1526717557252
8921.463305	80.1526717557252
8931.463305	80.1526717557252
8941.463305	80.1526717557252
8951.463305	80.1526717557252
8961.463305	80.1526717557252
8971.463305	80.1526717557252
8981.463305	80.1526717557252
8991.463305	80.1526717557252
9001.463305	80.1526717557252
9011.463305	80.1526717557252
9021.463305	80.1526717557252
9031.463305	80.5343511450382
9041.463305	80.5343511450382
9051.463305	80.5343511450382
9061.463305	80.5343511450382
9071.463305	80.5343511450382
9081.463305	80.5343511450382
9091.463305	80.5343511450382
9101.463305	80.9160305343512
9111.463305	80.9160305343512
9121.463305	80.9160305343512
9131.463305	80.9160305343512
9141.463305	80.9160305343512
9151.463305	80.9160305343512
9161.463305	80.9160305343512
9171.463305	81.2977099236641
9181.463305	81.2977099236641
9191.463305	81.2977099236641
9201.463305	81.6793893129771
9211.463305	81.6793893129771
9221.463305	81.6793893129771
9231.463305	81.6793893129771
9241.463305	81.6793893129771
9251.463305	81.6793893129771
9261.463305	81.6793893129771
9271.463305	81.6793893129771
9281.463305	81.6793893129771
9291.463305	81.6793893129771
9301.463305	81.6793893129771
9311.463305	81.6793893129771
9321.463305	81.6793893129771
9331.463305	81.6793893129771
9341.463305	81.6793893129771
9351.463305	81.6793893129771
9361.463305	81.6793893129771
9371.463305	81.6793893129771
9381.463305	81.6793893129771
9391.463305	81.6793893129771
9401.463305	81.6793893129771
9411.463305	81.6793893129771
9421.463305	81.6793893129771
9431.463305	81.6793893129771
9441.463305	81.6793893129771
9451.463305	82.0610687022901
9461.463305	82.4427480916031
9471.463305	82.4427480916031
9481.463305	82.4427480916031
9491.463305	82.4427480916031
9501.463305	82.824427480916
9511.463305	82.824427480916
9521.463305	82.824427480916
9531.463305	82.824427480916
9541.463305	82.824427480916
9551.463305	82.824427480916
9561.463305	82.824427480916
9571.463305	82.824427480916
9581.463305	82.824427480916
9591.463305	82.824427480916
9601.463305	82.824427480916
9611.463305	82.824427480916
9621.463305	82.824427480916
9631.463305	82.824427480916
9641.463305	82.824427480916
9651.463305	82.824427480916
9661.463305	82.824427480916
9671.463305	82.824427480916
9681.463305	82.824427480916
9691.463305	82.824427480916
9701.463305	82.824427480916
9711.463305	82.824427480916
9721.463305	82.824427480916
9731.463305	82.824427480916
9741.463305	82.824427480916
9751.463305	82.824427480916
9761.463305	82.824427480916
9771.463305	82.824427480916
9781.463305	82.824427480916
9791.463305	82.824427480916
9801.463305	82.824427480916
9811.463305	82.824427480916
9821.463305	82.824427480916
9831.463305	82.824427480916
9841.463305	83.206106870229
9851.463305	83.206106870229
9861.463305	83.206106870229
9871.463305	83.206106870229
9881.463305	83.206106870229
9891.463305	83.206106870229
9901.463305	83.206106870229
9911.463305	83.206106870229
9921.463305	83.206106870229
9931.463305	83.206106870229
9941.463305	83.206106870229
9951.463305	83.206106870229
9961.463305	83.587786259542
9971.463305	83.587786259542
9981.463305	83.587786259542
9991.463305	83.587786259542
10001.463305	83.587786259542
10011.463305	83.587786259542
10021.463305	83.587786259542
10031.463305	83.587786259542
10041.463305	83.587786259542
10051.463305	83.587786259542
10061.463305	83.587786259542
10071.463305	83.587786259542
10081.463305	83.587786259542
10091.463305	83.587786259542
10101.463305	83.587786259542
10111.463305	83.587786259542
10121.463305	83.587786259542
10131.463305	83.587786259542
10141.463305	83.587786259542
10151.463305	83.587786259542
10161.463305	83.587786259542
10171.463305	83.587786259542
10181.463305	83.587786259542
10191.463305	83.587786259542
10201.463305	83.587786259542
10211.463305	83.587786259542
10221.463305	83.587786259542
10231.463305	83.587786259542
10241.463305	83.587786259542
10251.463305	83.969465648855
10261.463305	83.969465648855
10271.463305	83.969465648855
10281.463305	83.969465648855
10291.463305	83.969465648855
10301.463305	83.969465648855
10311.463305	83.969465648855
10321.463305	83.969465648855
10331.463305	83.969465648855
10341.463305	83.969465648855
10351.463305	83.969465648855
10361.463305	83.969465648855
10371.463305	83.969465648855
10381.463305	83.969465648855
10391.463305	83.969465648855
10401.463305	83.969465648855
10411.463305	83.969465648855
10421.463305	83.969465648855
10431.463305	83.969465648855
10441.463305	83.969465648855
10451.463305	83.969465648855
10461.463305	83.969465648855
10471.463305	83.969465648855
10481.463305	83.969465648855
10491.463305	83.969465648855
10501.463305	83.969465648855
10511.463305	83.969465648855
10521.463305	83.969465648855
10531.463305	83.969465648855
10541.463305	83.969465648855
10551.463305	83.969465648855
10561.463305	83.969465648855
10571.463305	83.969465648855
10581.463305	83.969465648855
10591.463305	83.969465648855
10601.463305	83.969465648855
10611.463305	83.969465648855
10621.463305	83.969465648855
10631.463305	83.969465648855
10641.463305	83.969465648855
10651.463305	83.969465648855
10661.463305	83.969465648855
10671.463305	83.969465648855
10681.463305	83.969465648855
10691.463305	83.969465648855
10701.463305	83.969465648855
10711.463305	83.969465648855
10721.463305	83.969465648855
10731.463305	83.969465648855
10741.463305	83.969465648855
10751.463305	83.969465648855
10761.463305	83.969465648855
10771.463305	83.969465648855
10781.463305	83.969465648855
10791.463305	83.969465648855
10801.463305	83.969465648855
10811.463305	83.969465648855
10821.463305	83.969465648855
10831.463305	83.969465648855
10841.463305	83.969465648855
10851.463305	83.969465648855
10861.463305	83.969465648855
10871.463305	84.3511450381679
10881.463305	84.3511450381679
10891.463305	84.3511450381679
10901.463305	84.3511450381679
10911.463305	84.3511450381679
10921.463305	84.3511450381679
10931.463305	84.3511450381679
10941.463305	84.3511450381679
10951.463305	84.3511450381679
10961.463305	84.3511450381679
10971.463305	84.3511450381679
10981.463305	84.3511450381679
10991.463305	84.3511450381679
11001.463305	84.3511450381679
11011.463305	84.3511450381679
11021.463305	84.3511450381679
11031.463305	84.3511450381679
11041.463305	84.3511450381679
11051.463305	84.3511450381679
11061.463305	84.3511450381679
11071.463305	84.3511450381679
11081.463305	84.3511450381679
11091.463305	84.3511450381679
11101.463305	84.3511450381679
11111.463305	84.3511450381679
11121.463305	84.3511450381679
11131.463305	84.3511450381679
11141.463305	84.3511450381679
11151.463305	84.3511450381679
11161.463305	84.3511450381679
11171.463305	84.3511450381679
11181.463305	84.3511450381679
11191.463305	84.3511450381679
11201.463305	84.7328244274809
11211.463305	84.7328244274809
11221.463305	84.7328244274809
11231.463305	84.7328244274809
11241.463305	84.7328244274809
11251.463305	84.7328244274809
11261.463305	84.7328244274809
11271.463305	84.7328244274809
11281.463305	84.7328244274809
11291.463305	84.7328244274809
11301.463305	84.7328244274809
11311.463305	84.7328244274809
11321.463305	84.7328244274809
11331.463305	84.7328244274809
11341.463305	84.7328244274809
11351.463305	84.7328244274809
11361.463305	84.7328244274809
11371.463305	84.7328244274809
11381.463305	84.7328244274809
11391.463305	84.7328244274809
11401.463305	84.7328244274809
11411.463305	84.7328244274809
11421.463305	84.7328244274809
11431.463305	84.7328244274809
11441.463305	85.1145038167939
11451.463305	85.1145038167939
11461.463305	85.1145038167939
11471.463305	85.1145038167939
11481.463305	85.1145038167939
11491.463305	85.1145038167939
11501.463305	85.1145038167939
11511.463305	85.1145038167939
11521.463305	85.1145038167939
11531.463305	85.1145038167939
11541.463305	85.1145038167939
11551.463305	85.1145038167939
11561.463305	85.4961832061069
11571.463305	85.4961832061069
11581.463305	85.4961832061069
11591.463305	85.4961832061069
11601.463305	85.4961832061069
11611.463305	85.4961832061069
11621.463305	85.4961832061069
11631.463305	85.4961832061069
11641.463305	85.4961832061069
11651.463305	85.4961832061069
11661.463305	85.4961832061069
11671.463305	85.4961832061069
11681.463305	85.4961832061069
11691.463305	85.4961832061069
11701.463305	85.4961832061069
11711.463305	85.8778625954198
11721.463305	85.8778625954198
11731.463305	85.8778625954198
11741.463305	85.8778625954198
11751.463305	85.8778625954198
11761.463305	85.8778625954198
11771.463305	85.8778625954198
11781.463305	85.8778625954198
11791.463305	85.8778625954198
11801.463305	85.8778625954198
11811.463305	85.8778625954198
11821.463305	85.8778625954198
11831.463305	85.8778625954198
11841.463305	85.8778625954198
11851.463305	85.8778625954198
11861.463305	85.8778625954198
11871.463305	85.8778625954198
11881.463305	85.8778625954198
11891.463305	85.8778625954198
11901.463305	85.8778625954198
11911.463305	85.8778625954198
11921.463305	85.8778625954198
11931.463305	85.8778625954198
11941.463305	85.8778625954198
11951.463305	85.8778625954198
11961.463305	85.8778625954198
11971.463305	85.8778625954198
11981.463305	85.8778625954198
11991.463305	85.8778625954198
12001.463305	85.8778625954198
12011.463305	85.8778625954198
12021.463305	85.8778625954198
12031.463305	85.8778625954198
12041.463305	85.8778625954198
12051.463305	85.8778625954198
12061.463305	85.8778625954198
12071.463305	86.2595419847328
12081.463305	86.6412213740458
12091.463305	86.6412213740458
12101.463305	86.6412213740458
12111.463305	86.6412213740458
12121.463305	87.0229007633588
12131.463305	87.0229007633588
12141.463305	87.0229007633588
12151.463305	87.0229007633588
12161.463305	87.0229007633588
12171.463305	87.0229007633588
12181.463305	87.0229007633588
12191.463305	87.0229007633588
12201.463305	87.0229007633588
12211.463305	87.0229007633588
12221.463305	87.0229007633588
12231.463305	87.0229007633588
12241.463305	87.0229007633588
12251.463305	87.0229007633588
12261.463305	87.0229007633588
12271.463305	87.4045801526718
12281.463305	87.4045801526718
12291.463305	87.4045801526718
12301.463305	87.4045801526718
12311.463305	87.4045801526718
12321.463305	87.4045801526718
12331.463305	87.4045801526718
12341.463305	87.4045801526718
12351.463305	87.4045801526718
12361.463305	87.4045801526718
12371.463305	87.4045801526718
12381.463305	87.7862595419847
12391.463305	87.7862595419847
12401.463305	87.7862595419847
12411.463305	87.7862595419847
12421.463305	87.7862595419847
12431.463305	87.7862595419847
12441.463305	87.7862595419847
12451.463305	87.7862595419847
12461.463305	87.7862595419847
12471.463305	87.7862595419847
12481.463305	87.7862595419847
12491.463305	87.7862595419847
12501.463305	87.7862595419847
12511.463305	87.7862595419847
12521.463305	87.7862595419847
12531.463305	87.7862595419847
12541.463305	87.7862595419847
12551.463305	87.7862595419847
12561.463305	87.7862595419847
12571.463305	87.7862595419847
12581.463305	87.7862595419847
12591.463305	87.7862595419847
12601.463305	87.7862595419847
12611.463305	87.7862595419847
12621.463305	87.7862595419847
12631.463305	87.7862595419847
12641.463305	87.7862595419847
12651.463305	87.7862595419847
12661.463305	87.7862595419847
12671.463305	87.7862595419847
12681.463305	87.7862595419847
12691.463305	87.7862595419847
12701.463305	88.1679389312977
12711.463305	88.1679389312977
12721.463305	88.1679389312977
12731.463305	88.1679389312977
12741.463305	88.1679389312977
12751.463305	88.1679389312977
12761.463305	88.1679389312977
12771.463305	88.1679389312977
12781.463305	88.1679389312977
12791.463305	88.1679389312977
12801.463305	88.1679389312977
12811.463305	88.1679389312977
12821.463305	88.1679389312977
12831.463305	88.1679389312977
12841.463305	88.1679389312977
12851.463305	88.1679389312977
12861.463305	88.1679389312977
12871.463305	88.1679389312977
12881.463305	88.1679389312977
12891.463305	88.1679389312977
12901.463305	88.1679389312977
12911.463305	88.1679389312977
12921.463305	88.1679389312977
12931.463305	88.1679389312977
12941.463305	88.1679389312977
12951.463305	88.1679389312977
12961.463305	88.1679389312977
12971.463305	88.1679389312977
12981.463305	88.5496183206107
12991.463305	88.5496183206107
13001.463305	88.5496183206107
13011.463305	88.5496183206107
13021.463305	88.5496183206107
13031.463305	88.5496183206107
13041.463305	88.5496183206107
13051.463305	88.5496183206107
13061.463305	88.5496183206107
13071.463305	88.5496183206107
13081.463305	88.5496183206107
13091.463305	88.5496183206107
13101.463305	88.5496183206107
13111.463305	88.5496183206107
13121.463305	88.5496183206107
13131.463305	88.5496183206107
13141.463305	88.5496183206107
13151.463305	88.5496183206107
13161.463305	88.5496183206107
13171.463305	88.5496183206107
13181.463305	88.5496183206107
13191.463305	88.5496183206107
13201.463305	88.5496183206107
13211.463305	88.5496183206107
13221.463305	88.5496183206107
13231.463305	88.5496183206107
13241.463305	88.5496183206107
13251.463305	88.5496183206107
13261.463305	88.5496183206107
13271.463305	88.5496183206107
13281.463305	88.5496183206107
13291.463305	88.5496183206107
13301.463305	88.5496183206107
13311.463305	88.5496183206107
13321.463305	88.5496183206107
13331.463305	88.5496183206107
13341.463305	88.9312977099237
13351.463305	88.9312977099237
13361.463305	88.9312977099237
13371.463305	88.9312977099237
13381.463305	88.9312977099237
13391.463305	88.9312977099237
13401.463305	88.9312977099237
13411.463305	88.9312977099237
13421.463305	88.9312977099237
13431.463305	88.9312977099237
13441.463305	88.9312977099237
13451.463305	89.3129770992366
13461.463305	89.3129770992366
13471.463305	89.3129770992366
13481.463305	89.3129770992366
13491.463305	89.6946564885496
13501.463305	89.6946564885496
13511.463305	89.6946564885496
13521.463305	89.6946564885496
13531.463305	89.6946564885496
13541.463305	89.6946564885496
13551.463305	89.6946564885496
13561.463305	89.6946564885496
13571.463305	89.6946564885496
13581.463305	89.6946564885496
13591.463305	89.6946564885496
13601.463305	89.6946564885496
13611.463305	89.6946564885496
13621.463305	89.6946564885496
13631.463305	90.0763358778626
13641.463305	90.0763358778626
13651.463305	90.0763358778626
13661.463305	90.0763358778626
13671.463305	90.0763358778626
13681.463305	90.0763358778626
13691.463305	90.0763358778626
13701.463305	90.4580152671756
13711.463305	90.4580152671756
13721.463305	90.4580152671756
13731.463305	90.4580152671756
13741.463305	90.4580152671756
13751.463305	90.4580152671756
13761.463305	90.4580152671756
13771.463305	90.4580152671756
13781.463305	90.4580152671756
13791.463305	90.4580152671756
13801.463305	90.4580152671756
13811.463305	90.4580152671756
13821.463305	90.4580152671756
13831.463305	90.4580152671756
13841.463305	90.4580152671756
13851.463305	90.4580152671756
13861.463305	90.4580152671756
13871.463305	90.4580152671756
13881.463305	90.4580152671756
13891.463305	90.4580152671756
13901.463305	90.4580152671756
13911.463305	90.4580152671756
13921.463305	90.4580152671756
13931.463305	90.4580152671756
13941.463305	90.4580152671756
13951.463305	90.4580152671756
13961.463305	90.4580152671756
13971.463305	90.4580152671756
13981.463305	90.4580152671756
13991.463305	90.4580152671756
14001.463305	90.4580152671756
14011.463305	90.4580152671756
14021.463305	90.4580152671756
14031.463305	90.4580152671756
14041.463305	90.4580152671756
14051.463305	90.4580152671756
14061.463305	90.4580152671756
14071.463305	90.4580152671756
14081.463305	90.4580152671756
14091.463305	90.4580152671756
14101.463305	90.4580152671756
14111.463305	90.4580152671756
14121.463305	90.4580152671756
14131.463305	90.4580152671756
14141.463305	90.8396946564885
14151.463305	90.8396946564885
14161.463305	90.8396946564885
14171.463305	90.8396946564885
14181.463305	90.8396946564885
14191.463305	90.8396946564885
14201.463305	90.8396946564885
14211.463305	90.8396946564885
14221.463305	90.8396946564885
14231.463305	90.8396946564885
14241.463305	90.8396946564885
14251.463305	90.8396946564885
14261.463305	90.8396946564885
14271.463305	90.8396946564885
14281.463305	90.8396946564885
14291.463305	90.8396946564885
14301.463305	90.8396946564885
14311.463305	90.8396946564885
14321.463305	90.8396946564885
14331.463305	90.8396946564885
14341.463305	90.8396946564885
14351.463305	90.8396946564885
14361.463305	90.8396946564885
14371.463305	90.8396946564885
14381.463305	90.8396946564885
14391.463305	90.8396946564885
14401.463305	90.8396946564885
14411.463305	90.8396946564885
14421.463305	90.8396946564885
14431.463305	90.8396946564885
14441.463305	90.8396946564885
14451.463305	90.8396946564885
14461.463305	90.8396946564885
14471.463305	90.8396946564885
14481.463305	90.8396946564885
14491.463305	90.8396946564885
14501.463305	90.8396946564885
14511.463305	90.8396946564885
14521.463305	91.2213740458015
14531.463305	91.2213740458015
14541.463305	91.2213740458015
14551.463305	91.2213740458015
14561.463305	91.2213740458015
14571.463305	91.2213740458015
14581.463305	91.2213740458015
14591.463305	91.2213740458015
14601.463305	91.2213740458015
14611.463305	91.2213740458015
14621.463305	91.2213740458015
14631.463305	91.2213740458015
14641.463305	91.2213740458015
14651.463305	91.2213740458015
14661.463305	91.2213740458015
14671.463305	91.2213740458015
14681.463305	91.2213740458015
14691.463305	91.2213740458015
14701.463305	91.2213740458015
14711.463305	91.2213740458015
14721.463305	91.2213740458015
14731.463305	91.2213740458015
14741.463305	91.2213740458015
14751.463305	91.6030534351145
14761.463305	91.6030534351145
14771.463305	91.6030534351145
14781.463305	91.6030534351145
14791.463305	91.6030534351145
14801.463305	91.6030534351145
14811.463305	91.6030534351145
14821.463305	91.6030534351145
14831.463305	91.6030534351145
14841.463305	91.6030534351145
14851.463305	91.6030534351145
14861.463305	91.6030534351145
14871.463305	91.6030534351145
14881.463305	91.6030534351145
14891.463305	91.6030534351145
14901.463305	91.6030534351145
14911.463305	91.6030534351145
14921.463305	91.6030534351145
14931.463305	91.6030534351145
14941.463305	91.6030534351145
14951.463305	91.6030534351145
14961.463305	91.6030534351145
14971.463305	91.6030534351145
14981.463305	91.6030534351145
14991.463305	91.6030534351145
15001.463305	91.6030534351145
15011.463305	91.6030534351145
15021.463305	91.6030534351145
15031.463305	91.6030534351145
15041.463305	91.6030534351145
15051.463305	91.6030534351145
15061.463305	91.9847328244275
15071.463305	91.9847328244275
15081.463305	91.9847328244275
15091.463305	91.9847328244275
15101.463305	91.9847328244275
15111.463305	91.9847328244275
15121.463305	91.9847328244275
15131.463305	91.9847328244275
15141.463305	91.9847328244275
15151.463305	91.9847328244275
15161.463305	91.9847328244275
15171.463305	91.9847328244275
15181.463305	91.9847328244275
15191.463305	91.9847328244275
15201.463305	91.9847328244275
15211.463305	91.9847328244275
15221.463305	91.9847328244275
15231.463305	91.9847328244275
15241.463305	91.9847328244275
15251.463305	91.9847328244275
15261.463305	91.9847328244275
15271.463305	91.9847328244275
15281.463305	91.9847328244275
15291.463305	91.9847328244275
15301.463305	92.3664122137405
15311.463305	92.3664122137405
15321.463305	92.3664122137405
15331.463305	92.3664122137405
15341.463305	92.3664122137405
15351.463305	92.3664122137405
15361.463305	92.3664122137405
15371.463305	92.3664122137405
15381.463305	92.3664122137405
15391.463305	92.3664122137405
15401.463305	92.3664122137405
15411.463305	92.3664122137405
15421.463305	92.3664122137405
15431.463305	92.3664122137405
15441.463305	92.3664122137405
15451.463305	92.3664122137405
15461.463305	92.3664122137405
15471.463305	92.3664122137405
15481.463305	92.3664122137405
15491.463305	92.3664122137405
15501.463305	92.3664122137405
15511.463305	92.3664122137405
15521.463305	92.3664122137405
15531.463305	92.3664122137405
15541.463305	92.3664122137405
15551.463305	92.3664122137405
15561.463305	92.3664122137405
15571.463305	92.3664122137405
15581.463305	92.3664122137405
15591.463305	92.3664122137405
15601.463305	92.3664122137405
15611.463305	92.3664122137405
15621.463305	92.3664122137405
15631.463305	92.3664122137405
15641.463305	92.3664122137405
15651.463305	92.3664122137405
15661.463305	92.3664122137405
15671.463305	92.3664122137405
15681.463305	92.3664122137405
15691.463305	92.3664122137405
15701.463305	92.3664122137405
15711.463305	92.3664122137405
15721.463305	92.3664122137405
15731.463305	92.3664122137405
15741.463305	92.3664122137405
15751.463305	92.3664122137405
15761.463305	92.3664122137405
15771.463305	92.3664122137405
15781.463305	92.3664122137405
15791.463305	92.3664122137405
15801.463305	92.3664122137405
15811.463305	92.3664122137405
15821.463305	92.3664122137405
15831.463305	92.3664122137405
15841.463305	92.3664122137405
15851.463305	92.3664122137405
15861.463305	92.3664122137405
15871.463305	92.7480916030534
15881.463305	92.7480916030534
15891.463305	92.7480916030534
15901.463305	92.7480916030534
15911.463305	92.7480916030534
15921.463305	92.7480916030534
15931.463305	92.7480916030534
15941.463305	92.7480916030534
15951.463305	92.7480916030534
15961.463305	92.7480916030534
15971.463305	92.7480916030534
15981.463305	92.7480916030534
15991.463305	92.7480916030534
16001.463305	92.7480916030534
16011.463305	92.7480916030534
16021.463305	92.7480916030534
16031.463305	92.7480916030534
16041.463305	92.7480916030534
16051.463305	92.7480916030534
16061.463305	92.7480916030534
16071.463305	92.7480916030534
16081.463305	92.7480916030534
16091.463305	92.7480916030534
16101.463305	92.7480916030534
16111.463305	92.7480916030534
16121.463305	92.7480916030534
16131.463305	92.7480916030534
16141.463305	92.7480916030534
16151.463305	92.7480916030534
16161.463305	92.7480916030534
16171.463305	92.7480916030534
16181.463305	92.7480916030534
16191.463305	92.7480916030534
16201.463305	92.7480916030534
16211.463305	92.7480916030534
16221.463305	92.7480916030534
16231.463305	92.7480916030534
16241.463305	92.7480916030534
16251.463305	92.7480916030534
16261.463305	92.7480916030534
16271.463305	92.7480916030534
16281.463305	92.7480916030534
16291.463305	92.7480916030534
16301.463305	92.7480916030534
16311.463305	92.7480916030534
16321.463305	92.7480916030534
16331.463305	92.7480916030534
16341.463305	92.7480916030534
16351.463305	92.7480916030534
16361.463305	92.7480916030534
16371.463305	92.7480916030534
16381.463305	92.7480916030534
16391.463305	92.7480916030534
16401.463305	92.7480916030534
16411.463305	92.7480916030534
16421.463305	92.7480916030534
16431.463305	92.7480916030534
16441.463305	92.7480916030534
16451.463305	92.7480916030534
16461.463305	92.7480916030534
16471.463305	92.7480916030534
16481.463305	92.7480916030534
16491.463305	92.7480916030534
16501.463305	92.7480916030534
16511.463305	92.7480916030534
16521.463305	92.7480916030534
16531.463305	92.7480916030534
16541.463305	92.7480916030534
16551.463305	92.7480916030534
16561.463305	92.7480916030534
16571.463305	92.7480916030534
16581.463305	92.7480916030534
16591.463305	92.7480916030534
16601.463305	92.7480916030534
16611.463305	92.7480916030534
16621.463305	92.7480916030534
16631.463305	92.7480916030534
16641.463305	92.7480916030534
16651.463305	92.7480916030534
16661.463305	92.7480916030534
16671.463305	92.7480916030534
16681.463305	92.7480916030534
16691.463305	92.7480916030534
16701.463305	92.7480916030534
16711.463305	92.7480916030534
16721.463305	92.7480916030534
16731.463305	92.7480916030534
16741.463305	92.7480916030534
16751.463305	92.7480916030534
16761.463305	92.7480916030534
16771.463305	92.7480916030534
16781.463305	92.7480916030534
16791.463305	92.7480916030534
16801.463305	92.7480916030534
16811.463305	92.7480916030534
16821.463305	92.7480916030534
16831.463305	92.7480916030534
16841.463305	92.7480916030534
16851.463305	92.7480916030534
16861.463305	92.7480916030534
16871.463305	92.7480916030534
16881.463305	92.7480916030534
16891.463305	92.7480916030534
16901.463305	92.7480916030534
16911.463305	92.7480916030534
16921.463305	92.7480916030534
16931.463305	92.7480916030534
16941.463305	92.7480916030534
16951.463305	92.7480916030534
16961.463305	92.7480916030534
16971.463305	92.7480916030534
16981.463305	92.7480916030534
16991.463305	92.7480916030534
17001.463305	92.7480916030534
17011.463305	92.7480916030534
17021.463305	92.7480916030534
17031.463305	92.7480916030534
17041.463305	92.7480916030534
17051.463305	92.7480916030534
17061.463305	92.7480916030534
17071.463305	92.7480916030534
17081.463305	92.7480916030534
17091.463305	92.7480916030534
17101.463305	92.7480916030534
17111.463305	92.7480916030534
17121.463305	92.7480916030534
17131.463305	92.7480916030534
17141.463305	92.7480916030534
17151.463305	92.7480916030534
17161.463305	92.7480916030534
17171.463305	92.7480916030534
17181.463305	92.7480916030534
17191.463305	92.7480916030534
17201.463305	92.7480916030534
17211.463305	92.7480916030534
17221.463305	92.7480916030534
17231.463305	92.7480916030534
17241.463305	92.7480916030534
17251.463305	92.7480916030534
17261.463305	92.7480916030534
17271.463305	92.7480916030534
17281.463305	92.7480916030534
17291.463305	92.7480916030534
17301.463305	92.7480916030534
17311.463305	92.7480916030534
17321.463305	92.7480916030534
17331.463305	92.7480916030534
17341.463305	92.7480916030534
17351.463305	92.7480916030534
17361.463305	92.7480916030534
17371.463305	92.7480916030534
17381.463305	92.7480916030534
17391.463305	92.7480916030534
17401.463305	92.7480916030534
17411.463305	92.7480916030534
17421.463305	92.7480916030534
17431.463305	92.7480916030534
17441.463305	92.7480916030534
17451.463305	92.7480916030534
17461.463305	92.7480916030534
17471.463305	92.7480916030534
17481.463305	92.7480916030534
17491.463305	92.7480916030534
17501.463305	92.7480916030534
17511.463305	92.7480916030534
17521.463305	92.7480916030534
17531.463305	92.7480916030534
17541.463305	92.7480916030534
17551.463305	92.7480916030534
17561.463305	92.7480916030534
17571.463305	92.7480916030534
17581.463305	92.7480916030534
17591.463305	92.7480916030534
17601.463305	92.7480916030534
17611.463305	92.7480916030534
17621.463305	92.7480916030534
17631.463305	92.7480916030534
17641.463305	92.7480916030534
17651.463305	92.7480916030534
17661.463305	93.1297709923664
17671.463305	93.1297709923664
17681.463305	93.1297709923664
17691.463305	93.1297709923664
17701.463305	93.1297709923664
17711.463305	93.1297709923664
17721.463305	93.1297709923664
17731.463305	93.1297709923664
17741.463305	93.1297709923664
17751.463305	93.1297709923664
17761.463305	93.1297709923664
17771.463305	93.1297709923664
17781.463305	93.1297709923664
17791.463305	93.1297709923664
17801.463305	93.1297709923664
17811.463305	93.1297709923664
17821.463305	93.1297709923664
17831.463305	93.1297709923664
17841.463305	93.1297709923664
17851.463305	93.1297709923664
17861.463305	93.1297709923664
17871.463305	93.1297709923664
17881.463305	93.1297709923664
17891.463305	93.1297709923664
17901.463305	93.1297709923664
17911.463305	93.1297709923664
17921.463305	93.1297709923664
17931.463305	93.1297709923664
17941.463305	93.1297709923664
17951.463305	93.1297709923664
17961.463305	93.1297709923664
17971.463305	93.1297709923664
17981.463305	93.1297709923664
17991.463305	93.1297709923664
18001.463305	93.1297709923664
18011.463305	93.1297709923664
18021.463305	93.1297709923664
18031.463305	93.1297709923664
18041.463305	93.1297709923664
18051.463305	93.1297709923664
18061.463305	93.1297709923664
18071.463305	93.1297709923664
18081.463305	93.1297709923664
18091.463305	93.1297709923664
18101.463305	93.1297709923664
18111.463305	93.1297709923664
18121.463305	93.1297709923664
18131.463305	93.1297709923664
18141.463305	93.1297709923664
18151.463305	93.1297709923664
18161.463305	93.1297709923664
18171.463305	93.1297709923664
18181.463305	93.1297709923664
18191.463305	93.1297709923664
18201.463305	93.1297709923664
18211.463305	93.1297709923664
18221.463305	93.1297709923664
18231.463305	93.1297709923664
18241.463305	93.1297709923664
18251.463305	93.1297709923664
18261.463305	93.1297709923664
18271.463305	93.1297709923664
18281.463305	93.1297709923664
18291.463305	93.1297709923664
18301.463305	93.1297709923664
18311.463305	93.1297709923664
18321.463305	93.1297709923664
18331.463305	93.5114503816794
18341.463305	93.5114503816794
18351.463305	93.5114503816794
18361.463305	93.5114503816794
18371.463305	93.5114503816794
18381.463305	93.5114503816794
18391.463305	93.5114503816794
18401.463305	93.5114503816794
18411.463305	93.5114503816794
18421.463305	93.5114503816794
18431.463305	93.5114503816794
18441.463305	93.5114503816794
18451.463305	93.5114503816794
18461.463305	93.5114503816794
18471.463305	93.5114503816794
18481.463305	93.8931297709924
18491.463305	93.8931297709924
18501.463305	93.8931297709924
18511.463305	93.8931297709924
18521.463305	93.8931297709924
18531.463305	93.8931297709924
18541.463305	93.8931297709924
18551.463305	93.8931297709924
18561.463305	93.8931297709924
18571.463305	93.8931297709924
18581.463305	93.8931297709924
18591.463305	93.8931297709924
18601.463305	93.8931297709924
18611.463305	93.8931297709924
18621.463305	93.8931297709924
18631.463305	93.8931297709924
18641.463305	93.8931297709924
18651.463305	93.8931297709924
18661.463305	93.8931297709924
18671.463305	93.8931297709924
18681.463305	93.8931297709924
18691.463305	93.8931297709924
18701.463305	93.8931297709924
18711.463305	93.8931297709924
18721.463305	93.8931297709924
18731.463305	94.2748091603053
18741.463305	94.2748091603053
18751.463305	94.2748091603053
18761.463305	94.2748091603053
18771.463305	94.2748091603053
18781.463305	94.2748091603053
18791.463305	94.2748091603053
18801.463305	94.2748091603053
18811.463305	94.2748091603053
18821.463305	94.2748091603053
18831.463305	94.2748091603053
18841.463305	94.2748091603053
18851.463305	94.2748091603053
18861.463305	94.2748091603053
18871.463305	94.2748091603053
18881.463305	94.2748091603053
18891.463305	94.2748091603053
18901.463305	94.2748091603053
18911.463305	94.2748091603053
18921.463305	94.2748091603053
18931.463305	94.2748091603053
18941.463305	94.2748091603053
18951.463305	94.2748091603053
18961.463305	94.2748091603053
18971.463305	94.2748091603053
18981.463305	94.2748091603053
18991.463305	94.2748091603053
19001.463305	94.2748091603053
19011.463305	94.2748091603053
19021.463305	94.2748091603053
19031.463305	94.2748091603053
19041.463305	94.2748091603053
19051.463305	94.2748091603053
19061.463305	94.2748091603053
19071.463305	94.2748091603053
19081.463305	94.2748091603053
19091.463305	94.2748091603053
19101.463305	94.2748091603053
19111.463305	94.2748091603053
19121.463305	94.2748091603053
19131.463305	94.2748091603053
19141.463305	94.2748091603053
19151.463305	94.2748091603053
19161.463305	94.2748091603053
19171.463305	94.2748091603053
19181.463305	94.2748091603053
19191.463305	94.2748091603053
19201.463305	94.2748091603053
19211.463305	94.2748091603053
19221.463305	94.2748091603053
19231.463305	94.2748091603053
19241.463305	94.2748091603053
19251.463305	94.2748091603053
19261.463305	94.6564885496183
19271.463305	94.6564885496183
19281.463305	95.0381679389313
19291.463305	95.0381679389313
19301.463305	95.0381679389313
19311.463305	95.0381679389313
19321.463305	95.0381679389313
19331.463305	95.0381679389313
19341.463305	95.0381679389313
19351.463305	95.0381679389313
19361.463305	95.0381679389313
19371.463305	95.0381679389313
19381.463305	95.0381679389313
19391.463305	95.0381679389313
19401.463305	95.0381679389313
19411.463305	95.0381679389313
19421.463305	95.0381679389313
19431.463305	95.0381679389313
19441.463305	95.0381679389313
19451.463305	95.0381679389313
19461.463305	95.0381679389313
19471.463305	95.0381679389313
19481.463305	95.0381679389313
19491.463305	95.0381679389313
19501.463305	95.0381679389313
19511.463305	95.0381679389313
19521.463305	95.0381679389313
19531.463305	95.0381679389313
19541.463305	95.0381679389313
19551.463305	95.0381679389313
19561.463305	95.0381679389313
19571.463305	95.0381679389313
19581.463305	95.0381679389313
19591.463305	95.0381679389313
19601.463305	95.0381679389313
19611.463305	95.0381679389313
19621.463305	95.0381679389313
19631.463305	95.0381679389313
19641.463305	95.0381679389313
19651.463305	95.0381679389313
19661.463305	95.0381679389313
19671.463305	95.0381679389313
19681.463305	95.0381679389313
19691.463305	95.0381679389313
19701.463305	95.0381679389313
19711.463305	95.0381679389313
19721.463305	95.0381679389313
19731.463305	95.0381679389313
19741.463305	95.0381679389313
19751.463305	95.0381679389313
19761.463305	95.0381679389313
19771.463305	95.0381679389313
19781.463305	95.0381679389313
19791.463305	95.0381679389313
19801.463305	95.0381679389313
19811.463305	95.0381679389313
19821.463305	95.0381679389313
19831.463305	95.0381679389313
19841.463305	95.0381679389313
19851.463305	95.0381679389313
19861.463305	95.0381679389313
19871.463305	95.0381679389313
19881.463305	95.0381679389313
19891.463305	95.0381679389313
19901.463305	95.0381679389313
19911.463305	95.0381679389313
19921.463305	95.0381679389313
19931.463305	95.0381679389313
19941.463305	95.0381679389313
19951.463305	95.0381679389313
19961.463305	95.0381679389313
19971.463305	95.4198473282443
19981.463305	95.8015267175573
19991.463305	95.8015267175573
20001.463305	95.8015267175573
20011.463305	95.8015267175573
20021.463305	95.8015267175573
20031.463305	95.8015267175573
20041.463305	95.8015267175573
20051.463305	95.8015267175573
20061.463305	95.8015267175573
20071.463305	95.8015267175573
20081.463305	95.8015267175573
20091.463305	95.8015267175573
20101.463305	95.8015267175573
20111.463305	95.8015267175573
20121.463305	95.8015267175573
20131.463305	95.8015267175573
20141.463305	95.8015267175573
20151.463305	95.8015267175573
20161.463305	96.1832061068702
20171.463305	96.1832061068702
20181.463305	96.1832061068702
20191.463305	96.1832061068702
20201.463305	96.1832061068702
20211.463305	96.1832061068702
20221.463305	96.1832061068702
20231.463305	96.1832061068702
20241.463305	96.1832061068702
20251.463305	96.1832061068702
20261.463305	96.1832061068702
20271.463305	96.1832061068702
20281.463305	96.1832061068702
20291.463305	96.1832061068702
20301.463305	96.1832061068702
20311.463305	96.1832061068702
20321.463305	96.1832061068702
20331.463305	96.1832061068702
20341.463305	96.1832061068702
20351.463305	96.1832061068702
20361.463305	96.1832061068702
20371.463305	96.1832061068702
20381.463305	96.5648854961832
20391.463305	96.5648854961832
20401.463305	96.5648854961832
20411.463305	96.5648854961832
20421.463305	96.5648854961832
20431.463305	96.5648854961832
20441.463305	96.5648854961832
20451.463305	96.5648854961832
20461.463305	96.5648854961832
20471.463305	96.5648854961832
20481.463305	96.5648854961832
20491.463305	96.5648854961832
20501.463305	96.5648854961832
20511.463305	96.5648854961832
20521.463305	96.5648854961832
20531.463305	96.5648854961832
20541.463305	96.5648854961832
20551.463305	96.5648854961832
20561.463305	96.9465648854962
20571.463305	96.9465648854962
20581.463305	96.9465648854962
20591.463305	96.9465648854962
20601.463305	96.9465648854962
20611.463305	96.9465648854962
20621.463305	96.9465648854962
20631.463305	96.9465648854962
20641.463305	96.9465648854962
20651.463305	96.9465648854962
20661.463305	96.9465648854962
20671.463305	96.9465648854962
20681.463305	96.9465648854962
20691.463305	96.9465648854962
20701.463305	96.9465648854962
20711.463305	96.9465648854962
20721.463305	96.9465648854962
20731.463305	96.9465648854962
20741.463305	96.9465648854962
20751.463305	96.9465648854962
20761.463305	96.9465648854962
20771.463305	96.9465648854962
20781.463305	96.9465648854962
20791.463305	96.9465648854962
20801.463305	96.9465648854962
20811.463305	96.9465648854962
20821.463305	96.9465648854962
20831.463305	96.9465648854962
20841.463305	96.9465648854962
20851.463305	96.9465648854962
20861.463305	96.9465648854962
20871.463305	96.9465648854962
20881.463305	96.9465648854962
20891.463305	96.9465648854962
20901.463305	96.9465648854962
20911.463305	96.9465648854962
20921.463305	96.9465648854962
20931.463305	96.9465648854962
20941.463305	96.9465648854962
20951.463305	96.9465648854962
20961.463305	96.9465648854962
20971.463305	96.9465648854962
20981.463305	96.9465648854962
20991.463305	96.9465648854962
21001.463305	96.9465648854962
21011.463305	96.9465648854962
21021.463305	96.9465648854962
21031.463305	96.9465648854962
21041.463305	96.9465648854962
21051.463305	96.9465648854962
21061.463305	96.9465648854962
21071.463305	96.9465648854962
21081.463305	96.9465648854962
21091.463305	96.9465648854962
21101.463305	96.9465648854962
21111.463305	96.9465648854962
21121.463305	96.9465648854962
21131.463305	96.9465648854962
21141.463305	96.9465648854962
21151.463305	96.9465648854962
21161.463305	96.9465648854962
21171.463305	96.9465648854962
21181.463305	96.9465648854962
21191.463305	96.9465648854962
21201.463305	96.9465648854962
21211.463305	96.9465648854962
21221.463305	96.9465648854962
21231.463305	96.9465648854962
21241.463305	96.9465648854962
21251.463305	96.9465648854962
21261.463305	96.9465648854962
21271.463305	96.9465648854962
21281.463305	96.9465648854962
21291.463305	96.9465648854962
21301.463305	96.9465648854962
21311.463305	96.9465648854962
21321.463305	96.9465648854962
21331.463305	96.9465648854962
21341.463305	96.9465648854962
21351.463305	96.9465648854962
21361.463305	96.9465648854962
21371.463305	96.9465648854962
21381.463305	96.9465648854962
21391.463305	96.9465648854962
21401.463305	96.9465648854962
21411.463305	96.9465648854962
21421.463305	96.9465648854962
21431.463305	96.9465648854962
21441.463305	96.9465648854962
21451.463305	96.9465648854962
21461.463305	96.9465648854962
21471.463305	96.9465648854962
21481.463305	96.9465648854962
21491.463305	96.9465648854962
21501.463305	96.9465648854962
21511.463305	96.9465648854962
21521.463305	96.9465648854962
21531.463305	96.9465648854962
21541.463305	96.9465648854962
21551.463305	96.9465648854962
21561.463305	96.9465648854962
21571.463305	96.9465648854962
21581.463305	96.9465648854962
21591.463305	96.9465648854962
21601.463305	96.9465648854962
21611.463305	96.9465648854962
21621.463305	96.9465648854962
21631.463305	96.9465648854962
21641.463305	96.9465648854962
21651.463305	96.9465648854962
21661.463305	96.9465648854962
21671.463305	96.9465648854962
21681.463305	96.9465648854962
21691.463305	96.9465648854962
21701.463305	96.9465648854962
21711.463305	96.9465648854962
21721.463305	96.9465648854962
21731.463305	96.9465648854962
21741.463305	96.9465648854962
21751.463305	96.9465648854962
21761.463305	96.9465648854962
21771.463305	96.9465648854962
21781.463305	96.9465648854962
21791.463305	96.9465648854962
21801.463305	96.9465648854962
21811.463305	96.9465648854962
21821.463305	96.9465648854962
21831.463305	96.9465648854962
21841.463305	96.9465648854962
21851.463305	96.9465648854962
21861.463305	96.9465648854962
21871.463305	96.9465648854962
21881.463305	97.3282442748092
21891.463305	97.3282442748092
21901.463305	97.3282442748092
21911.463305	97.3282442748092
21921.463305	97.3282442748092
21931.463305	97.3282442748092
21941.463305	97.3282442748092
21951.463305	97.3282442748092
21961.463305	97.3282442748092
21971.463305	97.3282442748092
21981.463305	97.3282442748092
21991.463305	97.3282442748092
22001.463305	97.3282442748092
22011.463305	97.3282442748092
22021.463305	97.3282442748092
22031.463305	97.3282442748092
22041.463305	97.3282442748092
22051.463305	97.3282442748092
22061.463305	97.3282442748092
22071.463305	97.3282442748092
22081.463305	97.3282442748092
22091.463305	97.3282442748092
22101.463305	97.3282442748092
22111.463305	97.3282442748092
22121.463305	97.3282442748092
22131.463305	97.3282442748092
22141.463305	97.3282442748092
22151.463305	97.3282442748092
22161.463305	97.3282442748092
22171.463305	97.3282442748092
22181.463305	97.3282442748092
22191.463305	97.3282442748092
22201.463305	97.3282442748092
22211.463305	97.3282442748092
22221.463305	97.3282442748092
22231.463305	97.3282442748092
22241.463305	97.7099236641221
22251.463305	97.7099236641221
22261.463305	97.7099236641221
22271.463305	97.7099236641221
22281.463305	97.7099236641221
22291.463305	97.7099236641221
22301.463305	97.7099236641221
22311.463305	97.7099236641221
22321.463305	97.7099236641221
22331.463305	97.7099236641221
22341.463305	97.7099236641221
22351.463305	97.7099236641221
22361.463305	97.7099236641221
22371.463305	97.7099236641221
22381.463305	97.7099236641221
22391.463305	97.7099236641221
22401.463305	97.7099236641221
22411.463305	97.7099236641221
22421.463305	97.7099236641221
22431.463305	97.7099236641221
22441.463305	97.7099236641221
22451.463305	97.7099236641221
22461.463305	97.7099236641221
22471.463305	97.7099236641221
22481.463305	97.7099236641221
22491.463305	97.7099236641221
22501.463305	97.7099236641221
22511.463305	97.7099236641221
22521.463305	97.7099236641221
22531.463305	97.7099236641221
22541.463305	97.7099236641221
22551.463305	97.7099236641221
22561.463305	97.7099236641221
22571.463305	97.7099236641221
22581.463305	97.7099236641221
22591.463305	97.7099236641221
22601.463305	97.7099236641221
22611.463305	97.7099236641221
22621.463305	97.7099236641221
22631.463305	97.7099236641221
22641.463305	97.7099236641221
22651.463305	97.7099236641221
22661.463305	97.7099236641221
22671.463305	97.7099236641221
22681.463305	97.7099236641221
22691.463305	97.7099236641221
22701.463305	97.7099236641221
22711.463305	97.7099236641221
22721.463305	97.7099236641221
22731.463305	97.7099236641221
22741.463305	97.7099236641221
22751.463305	97.7099236641221
22761.463305	97.7099236641221
22771.463305	97.7099236641221
22781.463305	97.7099236641221
22791.463305	97.7099236641221
22801.463305	97.7099236641221
22811.463305	97.7099236641221
22821.463305	97.7099236641221
22831.463305	97.7099236641221
22841.463305	97.7099236641221
22851.463305	97.7099236641221
22861.463305	97.7099236641221
22871.463305	97.7099236641221
22881.463305	97.7099236641221
22891.463305	97.7099236641221
22901.463305	97.7099236641221
22911.463305	97.7099236641221
22921.463305	97.7099236641221
22931.463305	97.7099236641221
22941.463305	97.7099236641221
22951.463305	97.7099236641221
22961.463305	97.7099236641221
22971.463305	97.7099236641221
22981.463305	97.7099236641221
22991.463305	97.7099236641221
23001.463305	97.7099236641221
23011.463305	97.7099236641221
23021.463305	97.7099236641221
23031.463305	97.7099236641221
23041.463305	97.7099236641221
23051.463305	97.7099236641221
23061.463305	97.7099236641221
23071.463305	97.7099236641221
23081.463305	97.7099236641221
23091.463305	97.7099236641221
23101.463305	97.7099236641221
23111.463305	97.7099236641221
23121.463305	97.7099236641221
23131.463305	97.7099236641221
23141.463305	97.7099236641221
23151.463305	97.7099236641221
23161.463305	97.7099236641221
23171.463305	97.7099236641221
23181.463305	97.7099236641221
23191.463305	97.7099236641221
23201.463305	97.7099236641221
23211.463305	97.7099236641221
23221.463305	97.7099236641221
23231.463305	97.7099236641221
23241.463305	97.7099236641221
23251.463305	97.7099236641221
23261.463305	97.7099236641221
23271.463305	97.7099236641221
23281.463305	97.7099236641221
23291.463305	97.7099236641221
23301.463305	97.7099236641221
23311.463305	97.7099236641221
23321.463305	97.7099236641221
23331.463305	97.7099236641221
23341.463305	97.7099236641221
23351.463305	97.7099236641221
23361.463305	97.7099236641221
23371.463305	98.0916030534351
23381.463305	98.0916030534351
23391.463305	98.0916030534351
23401.463305	98.0916030534351
23411.463305	98.0916030534351
23421.463305	98.0916030534351
23431.463305	98.0916030534351
23441.463305	98.0916030534351
23451.463305	98.0916030534351
23461.463305	98.0916030534351
23471.463305	98.0916030534351
23481.463305	98.0916030534351
23491.463305	98.0916030534351
23501.463305	98.0916030534351
23511.463305	98.0916030534351
23521.463305	98.0916030534351
23531.463305	98.0916030534351
23541.463305	98.0916030534351
23551.463305	98.0916030534351
23561.463305	98.0916030534351
23571.463305	98.0916030534351
23581.463305	98.0916030534351
23591.463305	98.0916030534351
23601.463305	98.0916030534351
23611.463305	98.0916030534351
23621.463305	98.0916030534351
23631.463305	98.0916030534351
23641.463305	98.0916030534351
23651.463305	98.0916030534351
23661.463305	98.0916030534351
23671.463305	98.0916030534351
23681.463305	98.0916030534351
23691.463305	98.0916030534351
23701.463305	98.0916030534351
23711.463305	98.0916030534351
23721.463305	98.0916030534351
23731.463305	98.0916030534351
23741.463305	98.0916030534351
23751.463305	98.0916030534351
23761.463305	98.0916030534351
23771.463305	98.0916030534351
23781.463305	98.0916030534351
23791.463305	98.0916030534351
23801.463305	98.0916030534351
23811.463305	98.0916030534351
23821.463305	98.0916030534351
23831.463305	98.4732824427481
23841.463305	98.4732824427481
23851.463305	98.4732824427481
23861.463305	98.4732824427481
23871.463305	98.4732824427481
23881.463305	98.4732824427481
23891.463305	98.4732824427481
23901.463305	98.4732824427481
23911.463305	98.4732824427481
23921.463305	98.4732824427481
23931.463305	98.4732824427481
23941.463305	98.4732824427481
23951.463305	98.4732824427481
23961.463305	98.4732824427481
23971.463305	98.4732824427481
23981.463305	98.4732824427481
23991.463305	98.4732824427481
24001.463305	98.4732824427481
24011.463305	98.4732824427481
24021.463305	98.4732824427481
24031.463305	98.4732824427481
24041.463305	98.4732824427481
24051.463305	98.4732824427481
24061.463305	98.4732824427481
24071.463305	98.4732824427481
24081.463305	98.4732824427481
24091.463305	98.4732824427481
24101.463305	98.4732824427481
24111.463305	98.4732824427481
24121.463305	98.4732824427481
24131.463305	98.4732824427481
24141.463305	98.4732824427481
24151.463305	98.4732824427481
24161.463305	98.4732824427481
24171.463305	98.4732824427481
24181.463305	98.4732824427481
24191.463305	98.4732824427481
24201.463305	98.4732824427481
24211.463305	98.4732824427481
24221.463305	98.4732824427481
24231.463305	98.4732824427481
24241.463305	98.4732824427481
24251.463305	98.4732824427481
24261.463305	98.4732824427481
24271.463305	98.4732824427481
24281.463305	98.4732824427481
24291.463305	98.4732824427481
24301.463305	98.4732824427481
24311.463305	98.4732824427481
24321.463305	98.4732824427481
24331.463305	98.4732824427481
24341.463305	98.4732824427481
24351.463305	98.4732824427481
24361.463305	98.4732824427481
24371.463305	98.4732824427481
24381.463305	98.4732824427481
24391.463305	98.4732824427481
24401.463305	98.4732824427481
24411.463305	98.8549618320611
24421.463305	98.8549618320611
24431.463305	98.8549618320611
24441.463305	98.8549618320611
24451.463305	98.8549618320611
24461.463305	98.8549618320611
24471.463305	98.8549618320611
24481.463305	98.8549618320611
24491.463305	98.8549618320611
24501.463305	98.8549618320611
24511.463305	98.8549618320611
24521.463305	98.8549618320611
24531.463305	98.8549618320611
24541.463305	98.8549618320611
24551.463305	98.8549618320611
24561.463305	98.8549618320611
24571.463305	98.8549618320611
24581.463305	98.8549618320611
24591.463305	98.8549618320611
24601.463305	98.8549618320611
24611.463305	98.8549618320611
24621.463305	98.8549618320611
24631.463305	98.8549618320611
24641.463305	98.8549618320611
24651.463305	98.8549618320611
24661.463305	98.8549618320611
24671.463305	98.8549618320611
24681.463305	98.8549618320611
24691.463305	98.8549618320611
24701.463305	98.8549618320611
24711.463305	98.8549618320611
24721.463305	98.8549618320611
24731.463305	98.8549618320611
24741.463305	98.8549618320611
24751.463305	98.8549618320611
24761.463305	98.8549618320611
24771.463305	98.8549618320611
24781.463305	98.8549618320611
24791.463305	98.8549618320611
24801.463305	98.8549618320611
24811.463305	98.8549618320611
24821.463305	98.8549618320611
24831.463305	98.8549618320611
24841.463305	98.8549618320611
24851.463305	98.8549618320611
24861.463305	98.8549618320611
24871.463305	98.8549618320611
24881.463305	98.8549618320611
24891.463305	98.8549618320611
24901.463305	98.8549618320611
24911.463305	98.8549618320611
24921.463305	98.8549618320611
24931.463305	98.8549618320611
24941.463305	98.8549618320611
24951.463305	98.8549618320611
24961.463305	98.8549618320611
24971.463305	98.8549618320611
24981.463305	98.8549618320611
24991.463305	98.8549618320611
25001.463305	98.8549618320611
25011.463305	98.8549618320611
25021.463305	98.8549618320611
25031.463305	98.8549618320611
25041.463305	98.8549618320611
25051.463305	98.8549618320611
25061.463305	98.8549618320611
25071.463305	98.8549618320611
25081.463305	98.8549618320611
25091.463305	98.8549618320611
25101.463305	98.8549618320611
25111.463305	98.8549618320611
25121.463305	98.8549618320611
25131.463305	98.8549618320611
25141.463305	98.8549618320611
25151.463305	98.8549618320611
25161.463305	98.8549618320611
25171.463305	98.8549618320611
25181.463305	98.8549618320611
25191.463305	98.8549618320611
25201.463305	98.8549618320611
25211.463305	98.8549618320611
25221.463305	98.8549618320611
25231.463305	98.8549618320611
25241.463305	98.8549618320611
25251.463305	98.8549618320611
25261.463305	98.8549618320611
25271.463305	98.8549618320611
25281.463305	98.8549618320611
25291.463305	98.8549618320611
25301.463305	98.8549618320611
25311.463305	98.8549618320611
25321.463305	98.8549618320611
25331.463305	98.8549618320611
25341.463305	98.8549618320611
25351.463305	98.8549618320611
25361.463305	98.8549618320611
25371.463305	98.8549618320611
25381.463305	98.8549618320611
25391.463305	98.8549618320611
25401.463305	98.8549618320611
25411.463305	98.8549618320611
25421.463305	98.8549618320611
25431.463305	98.8549618320611
25441.463305	98.8549618320611
25451.463305	98.8549618320611
25461.463305	98.8549618320611
25471.463305	98.8549618320611
25481.463305	98.8549618320611
25491.463305	98.8549618320611
25501.463305	98.8549618320611
25511.463305	98.8549618320611
25521.463305	98.8549618320611
25531.463305	98.8549618320611
25541.463305	98.8549618320611
25551.463305	98.8549618320611
25561.463305	98.8549618320611
25571.463305	98.8549618320611
25581.463305	98.8549618320611
25591.463305	98.8549618320611
25601.463305	98.8549618320611
25611.463305	98.8549618320611
25621.463305	98.8549618320611
25631.463305	98.8549618320611
25641.463305	98.8549618320611
25651.463305	98.8549618320611
25661.463305	98.8549618320611
25671.463305	98.8549618320611
25681.463305	98.8549618320611
25691.463305	98.8549618320611
25701.463305	98.8549618320611
25711.463305	98.8549618320611
25721.463305	98.8549618320611
25731.463305	98.8549618320611
25741.463305	98.8549618320611
25751.463305	98.8549618320611
25761.463305	98.8549618320611
25771.463305	98.8549618320611
25781.463305	98.8549618320611
25791.463305	98.8549618320611
25801.463305	98.8549618320611
25811.463305	98.8549618320611
25821.463305	98.8549618320611
25831.463305	98.8549618320611
25841.463305	98.8549618320611
25851.463305	98.8549618320611
25861.463305	98.8549618320611
25871.463305	98.8549618320611
25881.463305	98.8549618320611
25891.463305	98.8549618320611
25901.463305	98.8549618320611
25911.463305	98.8549618320611
25921.463305	98.8549618320611
25931.463305	98.8549618320611
25941.463305	98.8549618320611
25951.463305	98.8549618320611
25961.463305	98.8549618320611
25971.463305	98.8549618320611
25981.463305	98.8549618320611
25991.463305	98.8549618320611
26001.463305	98.8549618320611
26011.463305	98.8549618320611
26021.463305	98.8549618320611
26031.463305	98.8549618320611
26041.463305	98.8549618320611
26051.463305	98.8549618320611
26061.463305	98.8549618320611
26071.463305	98.8549618320611
26081.463305	98.8549618320611
26091.463305	98.8549618320611
26101.463305	98.8549618320611
26111.463305	98.8549618320611
26121.463305	98.8549618320611
26131.463305	98.8549618320611
26141.463305	98.8549618320611
26151.463305	98.8549618320611
26161.463305	98.8549618320611
26171.463305	98.8549618320611
26181.463305	98.8549618320611
26191.463305	98.8549618320611
26201.463305	98.8549618320611
26211.463305	98.8549618320611
26221.463305	98.8549618320611
26231.463305	98.8549618320611
26241.463305	98.8549618320611
26251.463305	98.8549618320611
26261.463305	98.8549618320611
26271.463305	98.8549618320611
26281.463305	98.8549618320611
26291.463305	98.8549618320611
26301.463305	98.8549618320611
26311.463305	98.8549618320611
26321.463305	98.8549618320611
26331.463305	98.8549618320611
26341.463305	98.8549618320611
26351.463305	98.8549618320611
26361.463305	98.8549618320611
26371.463305	98.8549618320611
26381.463305	98.8549618320611
26391.463305	98.8549618320611
26401.463305	98.8549618320611
26411.463305	98.8549618320611
26421.463305	98.8549618320611
26431.463305	98.8549618320611
26441.463305	98.8549618320611
26451.463305	98.8549618320611
26461.463305	98.8549618320611
26471.463305	98.8549618320611
26481.463305	98.8549618320611
26491.463305	98.8549618320611
26501.463305	98.8549618320611
26511.463305	98.8549618320611
26521.463305	98.8549618320611
26531.463305	98.8549618320611
26541.463305	98.8549618320611
26551.463305	98.8549618320611
26561.463305	99.236641221374
26571.463305	99.236641221374
26581.463305	99.236641221374
26591.463305	99.236641221374
26601.463305	99.236641221374
26611.463305	99.236641221374
26621.463305	99.236641221374
26631.463305	99.236641221374
26641.463305	99.236641221374
26651.463305	99.236641221374
26661.463305	99.236641221374
26671.463305	99.236641221374
26681.463305	99.236641221374
26691.463305	99.236641221374
26701.463305	99.236641221374
26711.463305	99.236641221374
26721.463305	99.236641221374
26731.463305	99.236641221374
26741.463305	99.236641221374
26751.463305	99.236641221374
26761.463305	99.236641221374
26771.463305	99.236641221374
26781.463305	99.236641221374
26791.463305	99.236641221374
26801.463305	99.236641221374
26811.463305	99.236641221374
26821.463305	99.236641221374
26831.463305	99.236641221374
26841.463305	99.236641221374
26851.463305	99.236641221374
26861.463305	99.236641221374
26871.463305	99.236641221374
26881.463305	99.236641221374
26891.463305	99.236641221374
26901.463305	99.236641221374
26911.463305	99.236641221374
26921.463305	99.236641221374
26931.463305	99.236641221374
26941.463305	99.236641221374
26951.463305	99.236641221374
26961.463305	99.236641221374
26971.463305	99.236641221374
26981.463305	99.236641221374
26991.463305	99.236641221374
27001.463305	99.236641221374
27011.463305	99.236641221374
27021.463305	99.236641221374
27031.463305	99.236641221374
27041.463305	99.236641221374
27051.463305	99.236641221374
27061.463305	99.236641221374
27071.463305	99.236641221374
27081.463305	99.236641221374
27091.463305	99.236641221374
27101.463305	99.236641221374
27111.463305	99.236641221374
27121.463305	99.236641221374
27131.463305	99.236641221374
27141.463305	99.236641221374
27151.463305	99.236641221374
27161.463305	99.236641221374
27171.463305	99.236641221374
27181.463305	99.236641221374
27191.463305	99.236641221374
27201.463305	99.236641221374
27211.463305	99.236641221374
27221.463305	99.236641221374
27231.463305	99.236641221374
27241.463305	99.236641221374
27251.463305	99.236641221374
27261.463305	99.236641221374
27271.463305	99.236641221374
27281.463305	99.236641221374
27291.463305	99.236641221374
27301.463305	99.236641221374
27311.463305	99.236641221374
27321.463305	99.236641221374
27331.463305	99.236641221374
27341.463305	99.236641221374
27351.463305	99.236641221374
27361.463305	99.236641221374
27371.463305	99.236641221374
27381.463305	99.236641221374
27391.463305	99.236641221374
27401.463305	99.236641221374
27411.463305	99.236641221374
27421.463305	99.236641221374
27431.463305	99.236641221374
27441.463305	99.236641221374
27451.463305	99.236641221374
27461.463305	99.236641221374
27471.463305	99.236641221374
27481.463305	99.236641221374
27491.463305	99.236641221374
27501.463305	99.236641221374
27511.463305	99.236641221374
27521.463305	99.236641221374
27531.463305	99.236641221374
27541.463305	99.236641221374
27551.463305	99.236641221374
27561.463305	99.236641221374
27571.463305	99.236641221374
27581.463305	99.236641221374
27591.463305	99.236641221374
27601.463305	99.236641221374
27611.463305	99.236641221374
27621.463305	99.236641221374
27631.463305	99.236641221374
27641.463305	99.236641221374
27651.463305	99.236641221374
27661.463305	99.236641221374
27671.463305	99.236641221374
27681.463305	99.236641221374
27691.463305	99.236641221374
27701.463305	99.236641221374
27711.463305	99.236641221374
27721.463305	99.236641221374
27731.463305	99.236641221374
27741.463305	99.236641221374
27751.463305	99.236641221374
27761.463305	99.236641221374
27771.463305	99.236641221374
27781.463305	99.236641221374
27791.463305	99.236641221374
27801.463305	99.236641221374
27811.463305	99.236641221374
27821.463305	99.236641221374
27831.463305	99.236641221374
27841.463305	99.236641221374
27851.463305	99.236641221374
27861.463305	99.236641221374
27871.463305	99.236641221374
27881.463305	99.236641221374
27891.463305	99.236641221374
27901.463305	99.236641221374
27911.463305	99.236641221374
27921.463305	99.236641221374
27931.463305	99.236641221374
27941.463305	99.236641221374
27951.463305	99.236641221374
27961.463305	99.236641221374
27971.463305	99.236641221374
27981.463305	99.236641221374
27991.463305	99.236641221374
28001.463305	99.236641221374
28011.463305	99.236641221374
28021.463305	99.236641221374
28031.463305	99.236641221374
28041.463305	99.618320610687
28051.463305	99.618320610687
28061.463305	99.618320610687
28071.463305	99.618320610687
28081.463305	99.618320610687
28091.463305	99.618320610687
28101.463305	99.618320610687
28111.463305	99.618320610687
28121.463305	99.618320610687
28131.463305	99.618320610687
28141.463305	99.618320610687
28151.463305	99.618320610687
28161.463305	99.618320610687
28171.463305	99.618320610687
28181.463305	99.618320610687
28191.463305	99.618320610687
28201.463305	99.618320610687
28211.463305	99.618320610687
28221.463305	99.618320610687
28231.463305	99.618320610687
28241.463305	99.618320610687
28251.463305	99.618320610687
28261.463305	99.618320610687
28271.463305	99.618320610687
28281.463305	99.618320610687
28291.463305	99.618320610687
28301.463305	99.618320610687
28311.463305	99.618320610687
28321.463305	99.618320610687
28331.463305	99.618320610687
28341.463305	99.618320610687
28351.463305	99.618320610687
28361.463305	99.618320610687
28371.463305	99.618320610687
28381.463305	99.618320610687
28391.463305	99.618320610687
28401.463305	99.618320610687
28411.463305	99.618320610687
28421.463305	99.618320610687
28431.463305	99.618320610687
28441.463305	99.618320610687
28451.463305	99.618320610687
28461.463305	99.618320610687
28471.463305	99.618320610687
28481.463305	99.618320610687
28491.463305	99.618320610687
28501.463305	99.618320610687
28511.463305	99.618320610687
28521.463305	99.618320610687
28531.463305	99.618320610687
28541.463305	99.618320610687
28551.463305	99.618320610687
28561.463305	99.618320610687
28571.463305	99.618320610687
28581.463305	99.618320610687
28591.463305	99.618320610687
28601.463305	99.618320610687
28611.463305	99.618320610687
28621.463305	99.618320610687
28631.463305	99.618320610687
28641.463305	99.618320610687
28651.463305	99.618320610687
28661.463305	99.618320610687
28671.463305	99.618320610687
28681.463305	99.618320610687
28691.463305	99.618320610687
28701.463305	99.618320610687
28711.463305	99.618320610687
28721.463305	99.618320610687
28731.463305	99.618320610687
28741.463305	99.618320610687
28751.463305	99.618320610687
28761.463305	99.618320610687
28771.463305	99.618320610687
28781.463305	99.618320610687
28791.463305	99.618320610687
28801.463305	99.618320610687
28811.463305	99.618320610687
28821.463305	99.618320610687
28831.463305	99.618320610687
28841.463305	99.618320610687
28851.463305	99.618320610687
28861.463305	99.618320610687
28871.463305	99.618320610687
28881.463305	99.618320610687
28891.463305	99.618320610687
28901.463305	99.618320610687
28911.463305	99.618320610687
28921.463305	99.618320610687
28931.463305	99.618320610687
28941.463305	99.618320610687
28951.463305	99.618320610687
28961.463305	99.618320610687
28971.463305	99.618320610687
28981.463305	99.618320610687
28991.463305	99.618320610687
29001.463305	99.618320610687
29011.463305	99.618320610687
29021.463305	99.618320610687
29031.463305	99.618320610687
29041.463305	99.618320610687
29051.463305	99.618320610687
29061.463305	100
