 86.844409	0.366300366300366
96.844409	0.366300366300366
106.844409	0.732600732600733
116.844409	0.732600732600733
126.844409	0.732600732600733
136.844409	0.732600732600733
146.844409	0.732600732600733
156.844409	0.732600732600733
166.844409	0.732600732600733
176.844409	0.732600732600733
186.844409	0.732600732600733
196.844409	0.732600732600733
206.844409	0.732600732600733
216.844409	0.732600732600733
226.844409	1.0989010989011
236.844409	1.0989010989011
246.844409	1.0989010989011
256.844409	1.0989010989011
266.844409	1.46520146520147
276.844409	1.46520146520147
286.844409	1.46520146520147
296.844409	1.46520146520147
306.844409	1.46520146520147
316.844409	1.46520146520147
326.844409	1.46520146520147
336.844409	1.83150183150183
346.844409	2.1978021978022
356.844409	2.1978021978022
366.844409	2.56410256410256
376.844409	2.56410256410256
386.844409	2.93040293040293
396.844409	2.93040293040293
406.844409	2.93040293040293
416.844409	2.93040293040293
426.844409	2.93040293040293
436.844409	2.93040293040293
446.844409	3.2967032967033
456.844409	3.2967032967033
466.844409	3.2967032967033
476.844409	3.66300366300366
486.844409	3.66300366300366
496.844409	3.66300366300366
506.844409	3.66300366300366
516.844409	4.02930402930403
526.844409	4.3956043956044
536.844409	4.76190476190476
546.844409	4.76190476190476
556.844409	5.12820512820513
566.844409	5.12820512820513
576.844409	5.12820512820513
586.844409	5.86080586080586
596.844409	5.86080586080586
606.844409	5.86080586080586
616.844409	6.22710622710623
626.844409	6.59340659340659
636.844409	6.59340659340659
646.844409	6.59340659340659
656.844409	6.59340659340659
666.844409	6.95970695970696
676.844409	7.32600732600733
686.844409	7.32600732600733
696.844409	7.32600732600733
706.844409	7.32600732600733
716.844409	7.69230769230769
726.844409	7.69230769230769
736.844409	7.69230769230769
746.844409	8.42490842490843
756.844409	8.79120879120879
766.844409	9.15750915750916
776.844409	9.15750915750916
786.844409	9.15750915750916
796.844409	10.2564102564103
806.844409	10.2564102564103
816.844409	10.2564102564103
826.844409	10.2564102564103
836.844409	10.6227106227106
846.844409	10.6227106227106
856.844409	10.6227106227106
866.844409	10.6227106227106
876.844409	10.989010989011
886.844409	10.989010989011
896.844409	10.989010989011
906.844409	11.3553113553114
916.844409	11.3553113553114
926.844409	12.0879120879121
936.844409	12.0879120879121
946.844409	12.4542124542125
956.844409	13.1868131868132
966.844409	13.1868131868132
976.844409	13.1868131868132
986.844409	13.1868131868132
996.844409	13.9194139194139
1006.844409	13.9194139194139
1016.844409	14.2857142857143
1026.844409	14.6520146520147
1036.844409	16.1172161172161
1046.844409	16.4835164835165
1056.844409	16.8498168498169
1066.844409	16.8498168498169
1076.844409	17.2161172161172
1086.844409	17.2161172161172
1096.844409	17.5824175824176
1106.844409	18.3150183150183
1116.844409	18.3150183150183
1126.844409	19.047619047619
1136.844409	20.1465201465201
1146.844409	20.1465201465201
1156.844409	20.1465201465201
1166.844409	20.1465201465201
1176.844409	20.1465201465201
1186.844409	20.5128205128205
1196.844409	21.6117216117216
1206.844409	22.7106227106227
1216.844409	22.7106227106227
1226.844409	23.0769230769231
1236.844409	23.0769230769231
1246.844409	23.0769230769231
1256.844409	23.4432234432234
1266.844409	23.8095238095238
1276.844409	24.1758241758242
1286.844409	24.5421245421245
1296.844409	24.5421245421245
1306.844409	24.9084249084249
1316.844409	24.9084249084249
1326.844409	24.9084249084249
1336.844409	24.9084249084249
1346.844409	25.2747252747253
1356.844409	25.6410256410256
1366.844409	26.3736263736264
1376.844409	26.3736263736264
1386.844409	26.7399267399267
1396.844409	27.1062271062271
1406.844409	27.1062271062271
1416.844409	27.1062271062271
1426.844409	27.4725274725275
1436.844409	27.4725274725275
1446.844409	27.4725274725275
1456.844409	28.2051282051282
1466.844409	28.2051282051282
1476.844409	28.2051282051282
1486.844409	28.5714285714286
1496.844409	28.9377289377289
1506.844409	29.3040293040293
1516.844409	29.6703296703297
1526.844409	29.6703296703297
1536.844409	29.6703296703297
1546.844409	30.4029304029304
1556.844409	30.4029304029304
1566.844409	30.7692307692308
1576.844409	30.7692307692308
1586.844409	30.7692307692308
1596.844409	30.7692307692308
1606.844409	32.2344322344322
1616.844409	32.2344322344322
1626.844409	32.6007326007326
1636.844409	32.967032967033
1646.844409	33.3333333333333
1656.844409	35.1648351648352
1666.844409	35.1648351648352
1676.844409	35.1648351648352
1686.844409	35.5311355311355
1696.844409	36.6300366300366
1706.844409	36.996336996337
1716.844409	37.3626373626374
1726.844409	37.7289377289377
1736.844409	37.7289377289377
1746.844409	38.0952380952381
1756.844409	38.4615384615385
1766.844409	39.1941391941392
1776.844409	39.5604395604396
1786.844409	39.5604395604396
1796.844409	39.5604395604396
1806.844409	39.9267399267399
1816.844409	40.6593406593407
1826.844409	41.025641025641
1836.844409	41.025641025641
1846.844409	41.3919413919414
1856.844409	41.3919413919414
1866.844409	41.7582417582418
1876.844409	42.1245421245421
1886.844409	42.8571428571429
1896.844409	42.8571428571429
1906.844409	43.956043956044
1916.844409	45.0549450549451
1926.844409	45.4212454212454
1936.844409	45.4212454212454
1946.844409	45.7875457875458
1956.844409	45.7875457875458
1966.844409	46.5201465201465
1976.844409	47.2527472527473
1986.844409	47.2527472527473
1996.844409	47.2527472527473
2006.844409	47.6190476190476
2016.844409	48.3516483516484
2026.844409	49.0842490842491
2036.844409	49.0842490842491
2046.844409	49.8168498168498
2056.844409	50.1831501831502
2066.844409	50.1831501831502
2076.844409	50.5494505494505
2086.844409	51.6483516483516
2096.844409	53.1135531135531
2106.844409	53.1135531135531
2116.844409	53.1135531135531
2126.844409	53.4798534798535
2136.844409	53.4798534798535
2146.844409	54.2124542124542
2156.844409	54.2124542124542
2166.844409	54.2124542124542
2176.844409	54.2124542124542
2186.844409	54.9450549450549
2196.844409	54.9450549450549
2206.844409	55.3113553113553
2216.844409	55.3113553113553
2226.844409	55.3113553113553
2236.844409	55.3113553113553
2246.844409	55.3113553113553
2256.844409	55.6776556776557
2266.844409	55.6776556776557
2276.844409	55.6776556776557
2286.844409	56.043956043956
2296.844409	56.043956043956
2306.844409	56.043956043956
2316.844409	56.043956043956
2326.844409	56.043956043956
2336.844409	56.7765567765568
2346.844409	57.1428571428571
2356.844409	57.1428571428571
2366.844409	57.1428571428571
2376.844409	57.1428571428571
2386.844409	58.2417582417582
2396.844409	59.3406593406593
2406.844409	59.3406593406593
2416.844409	59.3406593406593
2426.844409	59.3406593406593
2436.844409	59.3406593406593
2446.844409	59.7069597069597
2456.844409	59.7069597069597
2466.844409	59.7069597069597
2476.844409	59.7069597069597
2486.844409	59.7069597069597
2496.844409	60.0732600732601
2506.844409	60.0732600732601
2516.844409	60.0732600732601
2526.844409	60.4395604395604
2536.844409	60.4395604395604
2546.844409	61.1721611721612
2556.844409	61.5384615384615
2566.844409	61.9047619047619
2576.844409	61.9047619047619
2586.844409	61.9047619047619
2596.844409	61.9047619047619
2606.844409	61.9047619047619
2616.844409	61.9047619047619
2626.844409	63.003663003663
2636.844409	63.003663003663
2646.844409	63.3699633699634
2656.844409	63.3699633699634
2666.844409	63.7362637362637
2676.844409	64.1025641025641
2686.844409	64.1025641025641
2696.844409	64.4688644688645
2706.844409	64.8351648351648
2716.844409	64.8351648351648
2726.844409	65.9340659340659
2736.844409	65.9340659340659
2746.844409	65.9340659340659
2756.844409	65.9340659340659
2766.844409	65.9340659340659
2776.844409	66.6666666666667
2786.844409	66.6666666666667
2796.844409	67.032967032967
2806.844409	67.032967032967
2816.844409	67.3992673992674
2826.844409	67.7655677655678
2836.844409	67.7655677655678
2846.844409	67.7655677655678
2856.844409	68.1318681318681
2866.844409	68.4981684981685
2876.844409	68.8644688644689
2886.844409	68.8644688644689
2896.844409	69.2307692307692
2906.844409	69.5970695970696
2916.844409	69.5970695970696
2926.844409	69.5970695970696
2936.844409	69.5970695970696
2946.844409	70.3296703296703
2956.844409	70.6959706959707
2966.844409	70.6959706959707
2976.844409	71.7948717948718
2986.844409	72.5274725274725
2996.844409	72.5274725274725
3006.844409	72.8937728937729
3016.844409	73.2600732600733
3026.844409	73.992673992674
3036.844409	73.992673992674
3046.844409	74.3589743589744
3056.844409	74.7252747252747
3066.844409	74.7252747252747
3076.844409	75.0915750915751
3086.844409	75.8241758241758
3096.844409	75.8241758241758
3106.844409	75.8241758241758
3116.844409	76.1904761904762
3126.844409	76.1904761904762
3136.844409	76.5567765567766
3146.844409	76.9230769230769
3156.844409	77.6556776556776
3166.844409	77.6556776556776
3176.844409	77.6556776556776
3186.844409	78.021978021978
3196.844409	78.7545787545788
3206.844409	79.1208791208791
3216.844409	79.4871794871795
3226.844409	79.4871794871795
3236.844409	79.8534798534799
3246.844409	79.8534798534799
3256.844409	80.2197802197802
3266.844409	80.2197802197802
3276.844409	80.2197802197802
3286.844409	80.5860805860806
3296.844409	80.5860805860806
3306.844409	80.5860805860806
3316.844409	80.9523809523809
3326.844409	81.3186813186813
3336.844409	82.0512820512821
3346.844409	82.0512820512821
3356.844409	82.0512820512821
3366.844409	82.4175824175824
3376.844409	82.4175824175824
3386.844409	82.7838827838828
3396.844409	82.7838827838828
3406.844409	83.1501831501832
3416.844409	83.5164835164835
3426.844409	83.5164835164835
3436.844409	83.5164835164835
3446.844409	83.8827838827839
3456.844409	83.8827838827839
3466.844409	83.8827838827839
3476.844409	83.8827838827839
3486.844409	83.8827838827839
3496.844409	83.8827838827839
3506.844409	84.2490842490842
3516.844409	84.2490842490842
3526.844409	84.2490842490842
3536.844409	84.6153846153846
3546.844409	84.6153846153846
3556.844409	84.6153846153846
3566.844409	84.981684981685
3576.844409	84.981684981685
3586.844409	84.981684981685
3596.844409	84.981684981685
3606.844409	84.981684981685
3616.844409	84.981684981685
3626.844409	85.7142857142857
3636.844409	85.7142857142857
3646.844409	86.0805860805861
3656.844409	86.0805860805861
3666.844409	86.4468864468865
3676.844409	86.4468864468865
3686.844409	86.4468864468865
3696.844409	86.4468864468865
3706.844409	86.4468864468865
3716.844409	86.4468864468865
3726.844409	86.4468864468865
3736.844409	86.4468864468865
3746.844409	86.8131868131868
3756.844409	86.8131868131868
3766.844409	86.8131868131868
3776.844409	87.1794871794872
3786.844409	87.1794871794872
3796.844409	87.9120879120879
3806.844409	87.9120879120879
3816.844409	87.9120879120879
3826.844409	87.9120879120879
3836.844409	88.2783882783883
3846.844409	88.2783882783883
3856.844409	88.6446886446886
3866.844409	88.6446886446886
3876.844409	88.6446886446886
3886.844409	88.6446886446886
3896.844409	88.6446886446886
3906.844409	88.6446886446886
3916.844409	89.010989010989
3926.844409	89.010989010989
3936.844409	89.010989010989
3946.844409	89.010989010989
3956.844409	89.3772893772894
3966.844409	89.3772893772894
3976.844409	89.3772893772894
3986.844409	89.3772893772894
3996.844409	89.3772893772894
4006.844409	89.3772893772894
4016.844409	89.3772893772894
4026.844409	89.7435897435897
4036.844409	89.7435897435897
4046.844409	90.1098901098901
4056.844409	90.1098901098901
4066.844409	90.1098901098901
4076.844409	90.1098901098901
4086.844409	90.8424908424908
4096.844409	90.8424908424908
4106.844409	90.8424908424908
4116.844409	91.2087912087912
4126.844409	91.2087912087912
4136.844409	91.2087912087912
4146.844409	91.2087912087912
4156.844409	91.2087912087912
4166.844409	91.2087912087912
4176.844409	91.5750915750916
4186.844409	91.5750915750916
4196.844409	91.5750915750916
4206.844409	91.5750915750916
4216.844409	91.5750915750916
4226.844409	91.5750915750916
4236.844409	91.5750915750916
4246.844409	91.9413919413919
4256.844409	93.040293040293
4266.844409	93.040293040293
4276.844409	93.4065934065934
4286.844409	93.4065934065934
4296.844409	93.7728937728938
4306.844409	93.7728937728938
4316.844409	94.5054945054945
4326.844409	94.5054945054945
4336.844409	94.8717948717949
4346.844409	94.8717948717949
4356.844409	95.2380952380952
4366.844409	95.2380952380952
4376.844409	95.2380952380952
4386.844409	95.2380952380952
4396.844409	95.2380952380952
4406.844409	95.2380952380952
4416.844409	95.2380952380952
4426.844409	95.2380952380952
4436.844409	95.2380952380952
4446.844409	95.2380952380952
4456.844409	95.2380952380952
4466.844409	95.2380952380952
4476.844409	95.2380952380952
4486.844409	95.2380952380952
4496.844409	95.2380952380952
4506.844409	95.2380952380952
4516.844409	95.2380952380952
4526.844409	95.2380952380952
4536.844409	95.2380952380952
4546.844409	95.2380952380952
4556.844409	95.2380952380952
4566.844409	95.2380952380952
4576.844409	95.2380952380952
4586.844409	95.2380952380952
4596.844409	95.2380952380952
4606.844409	95.2380952380952
4616.844409	95.2380952380952
4626.844409	95.2380952380952
4636.844409	95.2380952380952
4646.844409	95.2380952380952
4656.844409	95.2380952380952
4666.844409	95.2380952380952
4676.844409	95.2380952380952
4686.844409	95.970695970696
4696.844409	95.970695970696
4706.844409	96.3369963369963
4716.844409	96.3369963369963
4726.844409	96.7032967032967
4736.844409	96.7032967032967
4746.844409	96.7032967032967
4756.844409	96.7032967032967
4766.844409	96.7032967032967
4776.844409	96.7032967032967
4786.844409	96.7032967032967
4796.844409	96.7032967032967
4806.844409	96.7032967032967
4816.844409	96.7032967032967
4826.844409	96.7032967032967
4836.844409	96.7032967032967
4846.844409	96.7032967032967
4856.844409	96.7032967032967
4866.844409	96.7032967032967
4876.844409	96.7032967032967
4886.844409	96.7032967032967
4896.844409	96.7032967032967
4906.844409	96.7032967032967
4916.844409	96.7032967032967
4926.844409	96.7032967032967
4936.844409	96.7032967032967
4946.844409	96.7032967032967
4956.844409	96.7032967032967
4966.844409	96.7032967032967
4976.844409	96.7032967032967
4986.844409	97.0695970695971
4996.844409	97.0695970695971
5006.844409	97.0695970695971
5016.844409	97.0695970695971
5026.844409	97.0695970695971
5036.844409	97.0695970695971
5046.844409	97.0695970695971
5056.844409	97.0695970695971
5066.844409	97.0695970695971
5076.844409	97.0695970695971
5086.844409	97.0695970695971
5096.844409	97.0695970695971
5106.844409	97.0695970695971
5116.844409	97.0695970695971
5126.844409	97.0695970695971
5136.844409	97.0695970695971
5146.844409	97.0695970695971
5156.844409	97.0695970695971
5166.844409	97.0695970695971
5176.844409	97.0695970695971
5186.844409	97.0695970695971
5196.844409	97.0695970695971
5206.844409	97.0695970695971
5216.844409	97.0695970695971
5226.844409	97.0695970695971
5236.844409	97.0695970695971
5246.844409	97.0695970695971
5256.844409	97.0695970695971
5266.844409	97.0695970695971
5276.844409	97.0695970695971
5286.844409	97.0695970695971
5296.844409	97.0695970695971
5306.844409	97.0695970695971
5316.844409	97.4358974358974
5326.844409	97.4358974358974
5336.844409	97.4358974358974
5346.844409	97.4358974358974
5356.844409	97.4358974358974
5366.844409	97.4358974358974
5376.844409	97.4358974358974
5386.844409	97.4358974358974
5396.844409	97.4358974358974
5406.844409	97.4358974358974
5416.844409	97.4358974358974
5426.844409	97.4358974358974
5436.844409	97.4358974358974
5446.844409	97.4358974358974
5456.844409	97.4358974358974
5466.844409	97.4358974358974
5476.844409	97.4358974358974
5486.844409	97.4358974358974
5496.844409	97.4358974358974
5506.844409	97.4358974358974
5516.844409	97.4358974358974
5526.844409	97.4358974358974
5536.844409	97.4358974358974
5546.844409	97.4358974358974
5556.844409	97.4358974358974
5566.844409	97.4358974358974
5576.844409	97.4358974358974
5586.844409	97.4358974358974
5596.844409	97.4358974358974
5606.844409	97.4358974358974
5616.844409	97.8021978021978
5626.844409	97.8021978021978
5636.844409	97.8021978021978
5646.844409	97.8021978021978
5656.844409	97.8021978021978
5666.844409	97.8021978021978
5676.844409	97.8021978021978
5686.844409	97.8021978021978
5696.844409	97.8021978021978
5706.844409	97.8021978021978
5716.844409	97.8021978021978
5726.844409	97.8021978021978
5736.844409	97.8021978021978
5746.844409	97.8021978021978
5756.844409	97.8021978021978
5766.844409	97.8021978021978
5776.844409	97.8021978021978
5786.844409	97.8021978021978
5796.844409	97.8021978021978
5806.844409	97.8021978021978
5816.844409	97.8021978021978
5826.844409	97.8021978021978
5836.844409	97.8021978021978
5846.844409	97.8021978021978
5856.844409	97.8021978021978
5866.844409	97.8021978021978
5876.844409	97.8021978021978
5886.844409	97.8021978021978
5896.844409	98.1684981684982
5906.844409	98.1684981684982
5916.844409	98.1684981684982
5926.844409	98.1684981684982
5936.844409	98.1684981684982
5946.844409	98.1684981684982
5956.844409	98.1684981684982
5966.844409	98.1684981684982
5976.844409	98.1684981684982
5986.844409	98.1684981684982
5996.844409	98.5347985347985
6006.844409	98.5347985347985
6016.844409	98.5347985347985
6026.844409	98.5347985347985
6036.844409	98.5347985347985
6046.844409	98.5347985347985
6056.844409	98.5347985347985
6066.844409	98.5347985347985
6076.844409	98.5347985347985
6086.844409	98.5347985347985
6096.844409	98.5347985347985
6106.844409	98.5347985347985
6116.844409	98.5347985347985
6126.844409	98.5347985347985
6136.844409	98.5347985347985
6146.844409	98.5347985347985
6156.844409	98.5347985347985
6166.844409	98.9010989010989
6176.844409	98.9010989010989
6186.844409	98.9010989010989
6196.844409	98.9010989010989
6206.844409	98.9010989010989
6216.844409	99.2673992673993
6226.844409	99.2673992673993
6236.844409	99.2673992673993
6246.844409	99.2673992673993
6256.844409	99.2673992673993
6266.844409	99.2673992673993
6276.844409	99.2673992673993
6286.844409	99.2673992673993
6296.844409	99.2673992673993
6306.844409	99.2673992673993
6316.844409	99.2673992673993
6326.844409	99.2673992673993
6336.844409	99.2673992673993
6346.844409	99.2673992673993
6356.844409	99.2673992673993
6366.844409	99.2673992673993
6376.844409	99.2673992673993
6386.844409	99.2673992673993
6396.844409	99.2673992673993
6406.844409	99.2673992673993
6416.844409	99.2673992673993
6426.844409	99.2673992673993
6436.844409	99.2673992673993
6446.844409	99.2673992673993
6456.844409	99.2673992673993
6466.844409	99.2673992673993
6476.844409	99.2673992673993
6486.844409	99.2673992673993
6496.844409	99.2673992673993
6506.844409	99.2673992673993
6516.844409	99.2673992673993
6526.844409	99.2673992673993
6536.844409	99.2673992673993
6546.844409	99.2673992673993
6556.844409	99.2673992673993
6566.844409	99.2673992673993
6576.844409	99.6336996336996
6586.844409	99.6336996336996
6596.844409	99.6336996336996
6606.844409	99.6336996336996
6616.844409	99.6336996336996
6626.844409	99.6336996336996
6636.844409	99.6336996336996
6646.844409	99.6336996336996
6656.844409	99.6336996336996
6666.844409	99.6336996336996
6676.844409	99.6336996336996
6686.844409	99.6336996336996
6696.844409	99.6336996336996
6706.844409	99.6336996336996
6716.844409	99.6336996336996
6726.844409	99.6336996336996
6736.844409	99.6336996336996
6746.844409	99.6336996336996
6756.844409	99.6336996336996
6766.844409	99.6336996336996
6776.844409	99.6336996336996
6786.844409	99.6336996336996
6796.844409	99.6336996336996
6806.844409	99.6336996336996
6816.844409	99.6336996336996
6826.844409	99.6336996336996
6836.844409	99.6336996336996
6846.844409	99.6336996336996
6856.844409	99.6336996336996
6866.844409	99.6336996336996
6876.844409	99.6336996336996
6886.844409	99.6336996336996
6896.844409	99.6336996336996
6906.844409	99.6336996336996
6916.844409	99.6336996336996
6926.844409	99.6336996336996
6936.844409	99.6336996336996
6946.844409	99.6336996336996
6956.844409	99.6336996336996
6966.844409	99.6336996336996
6976.844409	99.6336996336996
6986.844409	99.6336996336996
6996.844409	99.6336996336996
7006.844409	99.6336996336996
7016.844409	99.6336996336996
7026.844409	99.6336996336996
7036.844409	99.6336996336996
7046.844409	99.6336996336996
7056.844409	99.6336996336996
7066.844409	99.6336996336996
7076.844409	99.6336996336996
7086.844409	99.6336996336996
7096.844409	99.6336996336996
7106.844409	99.6336996336996
7116.844409	99.6336996336996
7126.844409	99.6336996336996
7136.844409	99.6336996336996
7146.844409	99.6336996336996
7156.844409	99.6336996336996
7166.844409	99.6336996336996
7176.844409	99.6336996336996
7186.844409	99.6336996336996
7196.844409	99.6336996336996
7206.844409	99.6336996336996
7216.844409	99.6336996336996
7226.844409	99.6336996336996
7236.844409	99.6336996336996
7246.844409	99.6336996336996
7256.844409	99.6336996336996
7266.844409	99.6336996336996
7276.844409	99.6336996336996
7286.844409	99.6336996336996
7296.844409	99.6336996336996
7306.844409	99.6336996336996
7316.844409	99.6336996336996
7326.844409	99.6336996336996
7336.844409	99.6336996336996
7346.844409	99.6336996336996
7356.844409	99.6336996336996
7366.844409	99.6336996336996
7376.844409	99.6336996336996
7386.844409	99.6336996336996
7396.844409	99.6336996336996
7406.844409	99.6336996336996
7416.844409	99.6336996336996
7426.844409	99.6336996336996
7436.844409	99.6336996336996
7446.844409	99.6336996336996
7456.844409	99.6336996336996
7466.844409	99.6336996336996
7476.844409	99.6336996336996
7486.844409	99.6336996336996
7496.844409	99.6336996336996
7506.844409	99.6336996336996
7516.844409	99.6336996336996
7526.844409	99.6336996336996
7536.844409	99.6336996336996
7546.844409	99.6336996336996
7556.844409	99.6336996336996
7566.844409	99.6336996336996
7576.844409	99.6336996336996
7586.844409	99.6336996336996
7596.844409	99.6336996336996
7606.844409	99.6336996336996
7616.844409	99.6336996336996
7626.844409	99.6336996336996
7636.844409	99.6336996336996
7646.844409	99.6336996336996
7656.844409	99.6336996336996
7666.844409	99.6336996336996
7676.844409	99.6336996336996
7686.844409	99.6336996336996
7696.844409	99.6336996336996
7706.844409	99.6336996336996
7716.844409	99.6336996336996
7726.844409	99.6336996336996
7736.844409	99.6336996336996
7746.844409	99.6336996336996
7756.844409	99.6336996336996
7766.844409	99.6336996336996
7776.844409	99.6336996336996
7786.844409	99.6336996336996
7796.844409	99.6336996336996
7806.844409	99.6336996336996
7816.844409	99.6336996336996
7826.844409	99.6336996336996
7836.844409	99.6336996336996
7846.844409	99.6336996336996
7856.844409	99.6336996336996
7866.844409	99.6336996336996
7876.844409	99.6336996336996
7886.844409	99.6336996336996
7896.844409	99.6336996336996
7906.844409	99.6336996336996
7916.844409	99.6336996336996
7926.844409	99.6336996336996
7936.844409	99.6336996336996
7946.844409	99.6336996336996
7956.844409	99.6336996336996
7966.844409	99.6336996336996
7976.844409	99.6336996336996
7986.844409	99.6336996336996
7996.844409	99.6336996336996
8006.844409	99.6336996336996
8016.844409	99.6336996336996
8026.844409	99.6336996336996
8036.844409	99.6336996336996
8046.844409	99.6336996336996
8056.844409	99.6336996336996
8066.844409	99.6336996336996
8076.844409	99.6336996336996
8086.844409	99.6336996336996
8096.844409	99.6336996336996
8106.844409	99.6336996336996
8116.844409	99.6336996336996
8126.844409	99.6336996336996
8136.844409	99.6336996336996
8146.844409	99.6336996336996
8156.844409	99.6336996336996
8166.844409	99.6336996336996
8176.844409	99.6336996336996
8186.844409	99.6336996336996
8196.844409	99.6336996336996
8206.844409	99.6336996336996
8216.844409	99.6336996336996
8226.844409	99.6336996336996
8236.844409	99.6336996336996
8246.844409	99.6336996336996
8256.844409	99.6336996336996
8266.844409	99.6336996336996
8276.844409	99.6336996336996
8286.844409	99.6336996336996
8296.844409	99.6336996336996
8306.844409	99.6336996336996
8316.844409	99.6336996336996
8326.844409	99.6336996336996
8336.844409	99.6336996336996
8346.844409	99.6336996336996
8356.844409	99.6336996336996
8366.844409	99.6336996336996
8376.844409	99.6336996336996
8386.844409	99.6336996336996
8396.844409	99.6336996336996
8406.844409	99.6336996336996
8416.844409	99.6336996336996
8426.844409	99.6336996336996
8436.844409	99.6336996336996
8446.844409	99.6336996336996
8456.844409	99.6336996336996
8466.844409	99.6336996336996
8476.844409	99.6336996336996
8486.844409	99.6336996336996
8496.844409	99.6336996336996
8506.844409	99.6336996336996
8516.844409	99.6336996336996
8526.844409	99.6336996336996
8536.844409	99.6336996336996
8546.844409	99.6336996336996
8556.844409	99.6336996336996
8566.844409	99.6336996336996
8576.844409	99.6336996336996
8586.844409	99.6336996336996
8596.844409	99.6336996336996
8606.844409	99.6336996336996
8616.844409	99.6336996336996
8626.844409	99.6336996336996
8636.844409	99.6336996336996
8646.844409	99.6336996336996
8656.844409	99.6336996336996
8666.844409	99.6336996336996
8676.844409	99.6336996336996
8686.844409	99.6336996336996
8696.844409	99.6336996336996
8706.844409	99.6336996336996
8716.844409	99.6336996336996
8726.844409	99.6336996336996
8736.844409	99.6336996336996
8746.844409	99.6336996336996
8756.844409	99.6336996336996
8766.844409	99.6336996336996
8776.844409	99.6336996336996
8786.844409	99.6336996336996
8796.844409	99.6336996336996
8806.844409	99.6336996336996
8816.844409	99.6336996336996
8826.844409	99.6336996336996
8836.844409	99.6336996336996
8846.844409	99.6336996336996
8856.844409	99.6336996336996
8866.844409	99.6336996336996
8876.844409	99.6336996336996
8886.844409	99.6336996336996
8896.844409	99.6336996336996
8906.844409	99.6336996336996
8916.844409	99.6336996336996
8926.844409	99.6336996336996
8936.844409	99.6336996336996
8946.844409	99.6336996336996
8956.844409	99.6336996336996
8966.844409	99.6336996336996
8976.844409	99.6336996336996
8986.844409	99.6336996336996
8996.844409	99.6336996336996
9006.844409	99.6336996336996
9016.844409	99.6336996336996
9026.844409	99.6336996336996
9036.844409	99.6336996336996
9046.844409	99.6336996336996
9056.844409	99.6336996336996
9066.844409	99.6336996336996
9076.844409	99.6336996336996
9086.844409	99.6336996336996
9096.844409	99.6336996336996
9106.844409	99.6336996336996
9116.844409	99.6336996336996
9126.844409	99.6336996336996
9136.844409	99.6336996336996
9146.844409	99.6336996336996
9156.844409	99.6336996336996
9166.844409	99.6336996336996
9176.844409	99.6336996336996
9186.844409	99.6336996336996
9196.844409	99.6336996336996
9206.844409	99.6336996336996
9216.844409	99.6336996336996
9226.844409	99.6336996336996
9236.844409	99.6336996336996
9246.844409	99.6336996336996
9256.844409	99.6336996336996
9266.844409	99.6336996336996
9276.844409	99.6336996336996
9286.844409	99.6336996336996
9296.844409	99.6336996336996
9306.844409	99.6336996336996
9316.844409	99.6336996336996
9326.844409	99.6336996336996
9336.844409	99.6336996336996
9346.844409	99.6336996336996
9356.844409	99.6336996336996
9366.844409	99.6336996336996
9376.844409	99.6336996336996
9386.844409	99.6336996336996
9396.844409	99.6336996336996
9406.844409	99.6336996336996
9416.844409	99.6336996336996
9426.844409	99.6336996336996
9436.844409	99.6336996336996
9446.844409	99.6336996336996
9456.844409	99.6336996336996
9466.844409	99.6336996336996
9476.844409	99.6336996336996
9486.844409	99.6336996336996
9496.844409	99.6336996336996
9506.844409	99.6336996336996
9516.844409	99.6336996336996
9526.844409	99.6336996336996
9536.844409	99.6336996336996
9546.844409	99.6336996336996
9556.844409	99.6336996336996
9566.844409	99.6336996336996
9576.844409	99.6336996336996
9586.844409	99.6336996336996
9596.844409	99.6336996336996
9606.844409	99.6336996336996
9616.844409	99.6336996336996
9626.844409	99.6336996336996
9636.844409	99.6336996336996
9646.844409	99.6336996336996
9656.844409	99.6336996336996
9666.844409	99.6336996336996
9676.844409	99.6336996336996
9686.844409	99.6336996336996
9696.844409	99.6336996336996
9706.844409	99.6336996336996
9716.844409	99.6336996336996
9726.844409	99.6336996336996
9736.844409	99.6336996336996
9746.844409	99.6336996336996
9756.844409	99.6336996336996
9766.844409	99.6336996336996
9776.844409	99.6336996336996
9786.844409	99.6336996336996
9796.844409	99.6336996336996
9806.844409	99.6336996336996
9816.844409	99.6336996336996
9826.844409	99.6336996336996
9836.844409	99.6336996336996
9846.844409	99.6336996336996
9856.844409	99.6336996336996
9866.844409	99.6336996336996
9876.844409	99.6336996336996
9886.844409	99.6336996336996
9896.844409	99.6336996336996
9906.844409	99.6336996336996
9916.844409	99.6336996336996
9926.844409	99.6336996336996
9936.844409	99.6336996336996
9946.844409	99.6336996336996
9956.844409	99.6336996336996
9966.844409	99.6336996336996
9976.844409	99.6336996336996
9986.844409	99.6336996336996
9996.844409	99.6336996336996
10006.844409	99.6336996336996
10016.844409	99.6336996336996
10026.844409	99.6336996336996
10036.844409	99.6336996336996
10046.844409	99.6336996336996
10056.844409	99.6336996336996
10066.844409	99.6336996336996
10076.844409	99.6336996336996
10086.844409	99.6336996336996
10096.844409	99.6336996336996
10106.844409	99.6336996336996
10116.844409	99.6336996336996
10126.844409	99.6336996336996
10136.844409	99.6336996336996
10146.844409	99.6336996336996
10156.844409	99.6336996336996
10166.844409	99.6336996336996
10176.844409	99.6336996336996
10186.844409	99.6336996336996
10196.844409	99.6336996336996
10206.844409	99.6336996336996
10216.844409	99.6336996336996
10226.844409	99.6336996336996
10236.844409	99.6336996336996
10246.844409	99.6336996336996
10256.844409	99.6336996336996
10266.844409	99.6336996336996
10276.844409	99.6336996336996
10286.844409	99.6336996336996
10296.844409	99.6336996336996
10306.844409	99.6336996336996
10316.844409	99.6336996336996
10326.844409	99.6336996336996
10336.844409	99.6336996336996
10346.844409	99.6336996336996
10356.844409	99.6336996336996
10366.844409	99.6336996336996
10376.844409	99.6336996336996
10386.844409	99.6336996336996
10396.844409	99.6336996336996
10406.844409	99.6336996336996
10416.844409	99.6336996336996
10426.844409	99.6336996336996
10436.844409	99.6336996336996
10446.844409	99.6336996336996
10456.844409	99.6336996336996
10466.844409	99.6336996336996
10476.844409	99.6336996336996
10486.844409	99.6336996336996
10496.844409	99.6336996336996
10506.844409	99.6336996336996
10516.844409	99.6336996336996
10526.844409	99.6336996336996
10536.844409	99.6336996336996
10546.844409	99.6336996336996
10556.844409	99.6336996336996
10566.844409	99.6336996336996
10576.844409	99.6336996336996
10586.844409	99.6336996336996
10596.844409	99.6336996336996
10606.844409	99.6336996336996
10616.844409	99.6336996336996
10626.844409	99.6336996336996
10636.844409	99.6336996336996
10646.844409	99.6336996336996
10656.844409	99.6336996336996
10666.844409	99.6336996336996
10676.844409	99.6336996336996
10686.844409	99.6336996336996
10696.844409	99.6336996336996
10706.844409	99.6336996336996
10716.844409	99.6336996336996
10726.844409	99.6336996336996
10736.844409	99.6336996336996
10746.844409	99.6336996336996
10756.844409	99.6336996336996
10766.844409	99.6336996336996
10776.844409	99.6336996336996
10786.844409	99.6336996336996
10796.844409	99.6336996336996
10806.844409	99.6336996336996
10816.844409	99.6336996336996
10826.844409	99.6336996336996
10836.844409	99.6336996336996
10846.844409	99.6336996336996
10856.844409	99.6336996336996
10866.844409	99.6336996336996
10876.844409	99.6336996336996
10886.844409	99.6336996336996
10896.844409	99.6336996336996
10906.844409	99.6336996336996
10916.844409	99.6336996336996
10926.844409	99.6336996336996
10936.844409	99.6336996336996
10946.844409	99.6336996336996
10956.844409	99.6336996336996
10966.844409	99.6336996336996
10976.844409	99.6336996336996
10986.844409	99.6336996336996
10996.844409	99.6336996336996
11006.844409	99.6336996336996
11016.844409	99.6336996336996
11026.844409	99.6336996336996
11036.844409	99.6336996336996
11046.844409	99.6336996336996
11056.844409	99.6336996336996
11066.844409	99.6336996336996
11076.844409	99.6336996336996
11086.844409	99.6336996336996
11096.844409	99.6336996336996
11106.844409	99.6336996336996
11116.844409	99.6336996336996
11126.844409	99.6336996336996
11136.844409	99.6336996336996
11146.844409	99.6336996336996
11156.844409	99.6336996336996
11166.844409	99.6336996336996
11176.844409	99.6336996336996
11186.844409	99.6336996336996
11196.844409	99.6336996336996
11206.844409	99.6336996336996
11216.844409	99.6336996336996
11226.844409	99.6336996336996
11236.844409	99.6336996336996
11246.844409	99.6336996336996
11256.844409	99.6336996336996
11266.844409	99.6336996336996
11276.844409	99.6336996336996
11286.844409	99.6336996336996
11296.844409	99.6336996336996
11306.844409	99.6336996336996
11316.844409	99.6336996336996
11326.844409	99.6336996336996
11336.844409	99.6336996336996
11346.844409	99.6336996336996
11356.844409	99.6336996336996
11366.844409	99.6336996336996
11376.844409	99.6336996336996
11386.844409	99.6336996336996
11396.844409	99.6336996336996
11406.844409	99.6336996336996
11416.844409	99.6336996336996
11426.844409	99.6336996336996
11436.844409	99.6336996336996
11446.844409	99.6336996336996
11456.844409	99.6336996336996
11466.844409	99.6336996336996
11476.844409	99.6336996336996
11486.844409	99.6336996336996
11496.844409	99.6336996336996
11506.844409	99.6336996336996
11516.844409	99.6336996336996
11526.844409	99.6336996336996
11536.844409	99.6336996336996
11546.844409	99.6336996336996
11556.844409	99.6336996336996
11566.844409	99.6336996336996
11576.844409	99.6336996336996
11586.844409	99.6336996336996
11596.844409	99.6336996336996
11606.844409	99.6336996336996
11616.844409	99.6336996336996
11626.844409	99.6336996336996
11636.844409	99.6336996336996
11646.844409	99.6336996336996
11656.844409	99.6336996336996
11666.844409	99.6336996336996
11676.844409	99.6336996336996
11686.844409	99.6336996336996
11696.844409	99.6336996336996
11706.844409	99.6336996336996
11716.844409	99.6336996336996
11726.844409	99.6336996336996
11736.844409	99.6336996336996
11746.844409	99.6336996336996
11756.844409	99.6336996336996
11766.844409	99.6336996336996
11776.844409	99.6336996336996
11786.844409	99.6336996336996
11796.844409	99.6336996336996
11806.844409	99.6336996336996
11816.844409	99.6336996336996
11826.844409	99.6336996336996
11836.844409	99.6336996336996
11846.844409	99.6336996336996
11856.844409	99.6336996336996
11866.844409	99.6336996336996
11876.844409	99.6336996336996
11886.844409	99.6336996336996
11896.844409	99.6336996336996
11906.844409	99.6336996336996
11916.844409	99.6336996336996
11926.844409	99.6336996336996
11936.844409	99.6336996336996
11946.844409	99.6336996336996
11956.844409	99.6336996336996
11966.844409	99.6336996336996
11976.844409	99.6336996336996
11986.844409	99.6336996336996
11996.844409	99.6336996336996
12006.844409	99.6336996336996
12016.844409	99.6336996336996
12026.844409	99.6336996336996
12036.844409	99.6336996336996
12046.844409	99.6336996336996
12056.844409	99.6336996336996
12066.844409	99.6336996336996
12076.844409	99.6336996336996
12086.844409	99.6336996336996
12096.844409	99.6336996336996
12106.844409	99.6336996336996
12116.844409	99.6336996336996
12126.844409	99.6336996336996
12136.844409	99.6336996336996
12146.844409	99.6336996336996
12156.844409	99.6336996336996
12166.844409	99.6336996336996
12176.844409	99.6336996336996
12186.844409	99.6336996336996
12196.844409	99.6336996336996
12206.844409	99.6336996336996
12216.844409	99.6336996336996
12226.844409	99.6336996336996
12236.844409	99.6336996336996
12246.844409	99.6336996336996
12256.844409	99.6336996336996
12266.844409	99.6336996336996
12276.844409	99.6336996336996
12286.844409	99.6336996336996
12296.844409	99.6336996336996
12306.844409	99.6336996336996
12316.844409	99.6336996336996
12326.844409	99.6336996336996
12336.844409	99.6336996336996
12346.844409	99.6336996336996
12356.844409	99.6336996336996
12366.844409	99.6336996336996
12376.844409	99.6336996336996
12386.844409	99.6336996336996
12396.844409	99.6336996336996
12406.844409	99.6336996336996
12416.844409	99.6336996336996
12426.844409	99.6336996336996
12436.844409	99.6336996336996
12446.844409	99.6336996336996
12456.844409	99.6336996336996
12466.844409	99.6336996336996
12476.844409	99.6336996336996
12486.844409	99.6336996336996
12496.844409	99.6336996336996
12506.844409	99.6336996336996
12516.844409	99.6336996336996
12526.844409	99.6336996336996
12536.844409	99.6336996336996
12546.844409	99.6336996336996
12556.844409	99.6336996336996
12566.844409	99.6336996336996
12576.844409	99.6336996336996
12586.844409	99.6336996336996
12596.844409	99.6336996336996
12606.844409	99.6336996336996
12616.844409	99.6336996336996
12626.844409	99.6336996336996
12636.844409	99.6336996336996
12646.844409	99.6336996336996
12656.844409	99.6336996336996
12666.844409	99.6336996336996
12676.844409	99.6336996336996
12686.844409	99.6336996336996
12696.844409	99.6336996336996
12706.844409	99.6336996336996
12716.844409	99.6336996336996
12726.844409	99.6336996336996
12736.844409	99.6336996336996
12746.844409	99.6336996336996
12756.844409	99.6336996336996
12766.844409	99.6336996336996
12776.844409	99.6336996336996
12786.844409	99.6336996336996
12796.844409	99.6336996336996
12806.844409	99.6336996336996
12816.844409	99.6336996336996
12826.844409	99.6336996336996
12836.844409	99.6336996336996
12846.844409	99.6336996336996
12856.844409	99.6336996336996
12866.844409	99.6336996336996
12876.844409	99.6336996336996
12886.844409	99.6336996336996
12896.844409	99.6336996336996
12906.844409	99.6336996336996
12916.844409	99.6336996336996
12926.844409	99.6336996336996
12936.844409	99.6336996336996
12946.844409	99.6336996336996
12956.844409	99.6336996336996
12966.844409	99.6336996336996
12976.844409	99.6336996336996
12986.844409	99.6336996336996
12996.844409	99.6336996336996
13006.844409	99.6336996336996
13016.844409	99.6336996336996
13026.844409	99.6336996336996
13036.844409	99.6336996336996
13046.844409	99.6336996336996
13056.844409	99.6336996336996
13066.844409	99.6336996336996
13076.844409	99.6336996336996
13086.844409	99.6336996336996
13096.844409	99.6336996336996
13106.844409	99.6336996336996
13116.844409	99.6336996336996
13126.844409	99.6336996336996
13136.844409	99.6336996336996
13146.844409	99.6336996336996
13156.844409	99.6336996336996
13166.844409	99.6336996336996
13176.844409	99.6336996336996
13186.844409	99.6336996336996
13196.844409	99.6336996336996
13206.844409	99.6336996336996
13216.844409	99.6336996336996
13226.844409	99.6336996336996
13236.844409	99.6336996336996
13246.844409	99.6336996336996
13256.844409	99.6336996336996
13266.844409	99.6336996336996
13276.844409	99.6336996336996
13286.844409	99.6336996336996
13296.844409	99.6336996336996
13306.844409	99.6336996336996
13316.844409	99.6336996336996
13326.844409	99.6336996336996
13336.844409	99.6336996336996
13346.844409	99.6336996336996
13356.844409	99.6336996336996
13366.844409	99.6336996336996
13376.844409	99.6336996336996
13386.844409	99.6336996336996
13396.844409	99.6336996336996
13406.844409	99.6336996336996
13416.844409	99.6336996336996
13426.844409	99.6336996336996
13436.844409	99.6336996336996
13446.844409	99.6336996336996
13456.844409	99.6336996336996
13466.844409	99.6336996336996
13476.844409	99.6336996336996
13486.844409	99.6336996336996
13496.844409	99.6336996336996
13506.844409	99.6336996336996
13516.844409	99.6336996336996
13526.844409	99.6336996336996
13536.844409	99.6336996336996
13546.844409	99.6336996336996
13556.844409	99.6336996336996
13566.844409	99.6336996336996
13576.844409	99.6336996336996
13586.844409	99.6336996336996
13596.844409	99.6336996336996
13606.844409	99.6336996336996
13616.844409	99.6336996336996
13626.844409	99.6336996336996
13636.844409	99.6336996336996
13646.844409	99.6336996336996
13656.844409	99.6336996336996
13666.844409	99.6336996336996
13676.844409	99.6336996336996
13686.844409	99.6336996336996
13696.844409	99.6336996336996
13706.844409	99.6336996336996
13716.844409	99.6336996336996
13726.844409	99.6336996336996
13736.844409	99.6336996336996
13746.844409	99.6336996336996
13756.844409	99.6336996336996
13766.844409	99.6336996336996
13776.844409	99.6336996336996
13786.844409	99.6336996336996
13796.844409	99.6336996336996
13806.844409	99.6336996336996
13816.844409	99.6336996336996
13826.844409	99.6336996336996
13836.844409	99.6336996336996
13846.844409	99.6336996336996
13856.844409	99.6336996336996
13866.844409	99.6336996336996
13876.844409	99.6336996336996
13886.844409	99.6336996336996
13896.844409	99.6336996336996
13906.844409	99.6336996336996
13916.844409	99.6336996336996
13926.844409	99.6336996336996
13936.844409	99.6336996336996
13946.844409	99.6336996336996
13956.844409	99.6336996336996
13966.844409	99.6336996336996
13976.844409	99.6336996336996
13986.844409	99.6336996336996
13996.844409	99.6336996336996
14006.844409	99.6336996336996
14016.844409	99.6336996336996
14026.844409	99.6336996336996
14036.844409	99.6336996336996
14046.844409	99.6336996336996
14056.844409	99.6336996336996
14066.844409	99.6336996336996
14076.844409	99.6336996336996
14086.844409	99.6336996336996
14096.844409	99.6336996336996
14106.844409	99.6336996336996
14116.844409	99.6336996336996
14126.844409	99.6336996336996
14136.844409	99.6336996336996
14146.844409	99.6336996336996
14156.844409	99.6336996336996
14166.844409	99.6336996336996
14176.844409	99.6336996336996
14186.844409	99.6336996336996
14196.844409	99.6336996336996
14206.844409	99.6336996336996
14216.844409	99.6336996336996
14226.844409	99.6336996336996
14236.844409	99.6336996336996
14246.844409	99.6336996336996
14256.844409	99.6336996336996
14266.844409	99.6336996336996
14276.844409	99.6336996336996
14286.844409	99.6336996336996
14296.844409	99.6336996336996
14306.844409	99.6336996336996
14316.844409	99.6336996336996
14326.844409	99.6336996336996
14336.844409	99.6336996336996
14346.844409	99.6336996336996
14356.844409	99.6336996336996
14366.844409	99.6336996336996
14376.844409	99.6336996336996
14386.844409	99.6336996336996
14396.844409	99.6336996336996
14406.844409	99.6336996336996
14416.844409	99.6336996336996
14426.844409	99.6336996336996
14436.844409	99.6336996336996
14446.844409	99.6336996336996
14456.844409	99.6336996336996
14466.844409	99.6336996336996
14476.844409	99.6336996336996
14486.844409	99.6336996336996
14496.844409	99.6336996336996
14506.844409	99.6336996336996
14516.844409	99.6336996336996
14526.844409	99.6336996336996
14536.844409	99.6336996336996
14546.844409	99.6336996336996
14556.844409	99.6336996336996
14566.844409	99.6336996336996
14576.844409	99.6336996336996
14586.844409	99.6336996336996
14596.844409	99.6336996336996
14606.844409	99.6336996336996
14616.844409	99.6336996336996
14626.844409	99.6336996336996
14636.844409	99.6336996336996
14646.844409	99.6336996336996
14656.844409	99.6336996336996
14666.844409	99.6336996336996
14676.844409	99.6336996336996
14686.844409	99.6336996336996
14696.844409	99.6336996336996
14706.844409	99.6336996336996
14716.844409	99.6336996336996
14726.844409	99.6336996336996
14736.844409	99.6336996336996
14746.844409	99.6336996336996
14756.844409	99.6336996336996
14766.844409	99.6336996336996
14776.844409	99.6336996336996
14786.844409	99.6336996336996
14796.844409	99.6336996336996
14806.844409	99.6336996336996
14816.844409	99.6336996336996
14826.844409	99.6336996336996
14836.844409	99.6336996336996
14846.844409	99.6336996336996
14856.844409	99.6336996336996
14866.844409	99.6336996336996
14876.844409	99.6336996336996
14886.844409	99.6336996336996
14896.844409	99.6336996336996
14906.844409	99.6336996336996
14916.844409	99.6336996336996
14926.844409	99.6336996336996
14936.844409	99.6336996336996
14946.844409	99.6336996336996
14956.844409	99.6336996336996
14966.844409	99.6336996336996
14976.844409	99.6336996336996
14986.844409	99.6336996336996
14996.844409	99.6336996336996
15006.844409	99.6336996336996
15016.844409	99.6336996336996
15026.844409	99.6336996336996
15036.844409	99.6336996336996
15046.844409	99.6336996336996
15056.844409	99.6336996336996
15066.844409	99.6336996336996
15076.844409	99.6336996336996
15086.844409	99.6336996336996
15096.844409	99.6336996336996
15106.844409	99.6336996336996
15116.844409	99.6336996336996
15126.844409	99.6336996336996
15136.844409	99.6336996336996
15146.844409	99.6336996336996
15156.844409	99.6336996336996
15166.844409	99.6336996336996
15176.844409	99.6336996336996
15186.844409	99.6336996336996
15196.844409	99.6336996336996
15206.844409	99.6336996336996
15216.844409	99.6336996336996
15226.844409	99.6336996336996
15236.844409	99.6336996336996
15246.844409	99.6336996336996
15256.844409	99.6336996336996
15266.844409	99.6336996336996
15276.844409	99.6336996336996
15286.844409	99.6336996336996
15296.844409	99.6336996336996
15306.844409	99.6336996336996
15316.844409	99.6336996336996
15326.844409	99.6336996336996
15336.844409	99.6336996336996
15346.844409	99.6336996336996
15356.844409	99.6336996336996
15366.844409	99.6336996336996
15376.844409	99.6336996336996
15386.844409	99.6336996336996
15396.844409	99.6336996336996
15406.844409	99.6336996336996
15416.844409	99.6336996336996
15426.844409	99.6336996336996
15436.844409	99.6336996336996
15446.844409	99.6336996336996
15456.844409	99.6336996336996
15466.844409	99.6336996336996
15476.844409	99.6336996336996
15486.844409	99.6336996336996
15496.844409	99.6336996336996
15506.844409	99.6336996336996
15516.844409	99.6336996336996
15526.844409	99.6336996336996
15536.844409	99.6336996336996
15546.844409	99.6336996336996
15556.844409	99.6336996336996
15566.844409	99.6336996336996
15576.844409	99.6336996336996
15586.844409	99.6336996336996
15596.844409	99.6336996336996
15606.844409	99.6336996336996
15616.844409	99.6336996336996
15626.844409	99.6336996336996
15636.844409	99.6336996336996
15646.844409	99.6336996336996
15656.844409	99.6336996336996
15666.844409	99.6336996336996
15676.844409	99.6336996336996
15686.844409	99.6336996336996
15696.844409	99.6336996336996
15706.844409	99.6336996336996
15716.844409	99.6336996336996
15726.844409	99.6336996336996
15736.844409	99.6336996336996
15746.844409	99.6336996336996
15756.844409	99.6336996336996
15766.844409	99.6336996336996
15776.844409	99.6336996336996
15786.844409	99.6336996336996
15796.844409	99.6336996336996
15806.844409	99.6336996336996
15816.844409	99.6336996336996
15826.844409	99.6336996336996
15836.844409	99.6336996336996
15846.844409	99.6336996336996
15856.844409	99.6336996336996
15866.844409	99.6336996336996
15876.844409	99.6336996336996
15886.844409	99.6336996336996
15896.844409	99.6336996336996
15906.844409	99.6336996336996
15916.844409	99.6336996336996
15926.844409	99.6336996336996
15936.844409	99.6336996336996
15946.844409	99.6336996336996
15956.844409	99.6336996336996
15966.844409	99.6336996336996
15976.844409	99.6336996336996
15986.844409	99.6336996336996
15996.844409	99.6336996336996
16006.844409	99.6336996336996
16016.844409	99.6336996336996
16026.844409	99.6336996336996
16036.844409	99.6336996336996
16046.844409	99.6336996336996
16056.844409	99.6336996336996
16066.844409	99.6336996336996
16076.844409	99.6336996336996
16086.844409	99.6336996336996
16096.844409	99.6336996336996
16106.844409	99.6336996336996
16116.844409	99.6336996336996
16126.844409	99.6336996336996
16136.844409	99.6336996336996
16146.844409	99.6336996336996
16156.844409	99.6336996336996
16166.844409	99.6336996336996
16176.844409	99.6336996336996
16186.844409	99.6336996336996
16196.844409	99.6336996336996
16206.844409	99.6336996336996
16216.844409	99.6336996336996
16226.844409	99.6336996336996
16236.844409	99.6336996336996
16246.844409	99.6336996336996
16256.844409	99.6336996336996
16266.844409	99.6336996336996
16276.844409	99.6336996336996
16286.844409	99.6336996336996
16296.844409	99.6336996336996
16306.844409	99.6336996336996
16316.844409	99.6336996336996
16326.844409	99.6336996336996
16336.844409	99.6336996336996
16346.844409	99.6336996336996
16356.844409	99.6336996336996
16366.844409	99.6336996336996
16376.844409	99.6336996336996
16386.844409	99.6336996336996
16396.844409	99.6336996336996
16406.844409	99.6336996336996
16416.844409	99.6336996336996
16426.844409	99.6336996336996
16436.844409	99.6336996336996
16446.844409	99.6336996336996
16456.844409	99.6336996336996
16466.844409	99.6336996336996
16476.844409	99.6336996336996
16486.844409	99.6336996336996
16496.844409	99.6336996336996
16506.844409	99.6336996336996
16516.844409	99.6336996336996
16526.844409	99.6336996336996
16536.844409	99.6336996336996
16546.844409	99.6336996336996
16556.844409	99.6336996336996
16566.844409	99.6336996336996
16576.844409	99.6336996336996
16586.844409	99.6336996336996
16596.844409	99.6336996336996
16606.844409	99.6336996336996
16616.844409	99.6336996336996
16626.844409	99.6336996336996
16636.844409	99.6336996336996
16646.844409	99.6336996336996
16656.844409	99.6336996336996
16666.844409	99.6336996336996
16676.844409	99.6336996336996
16686.844409	99.6336996336996
16696.844409	99.6336996336996
16706.844409	99.6336996336996
16716.844409	99.6336996336996
16726.844409	99.6336996336996
16736.844409	99.6336996336996
16746.844409	99.6336996336996
16756.844409	99.6336996336996
16766.844409	99.6336996336996
16776.844409	99.6336996336996
16786.844409	99.6336996336996
16796.844409	99.6336996336996
16806.844409	99.6336996336996
16816.844409	99.6336996336996
16826.844409	99.6336996336996
16836.844409	99.6336996336996
16846.844409	99.6336996336996
16856.844409	99.6336996336996
16866.844409	99.6336996336996
16876.844409	99.6336996336996
16886.844409	99.6336996336996
16896.844409	99.6336996336996
16906.844409	99.6336996336996
16916.844409	99.6336996336996
16926.844409	99.6336996336996
16936.844409	99.6336996336996
16946.844409	99.6336996336996
16956.844409	99.6336996336996
16966.844409	99.6336996336996
16976.844409	99.6336996336996
16986.844409	99.6336996336996
16996.844409	99.6336996336996
17006.844409	99.6336996336996
17016.844409	99.6336996336996
17026.844409	99.6336996336996
17036.844409	99.6336996336996
17046.844409	99.6336996336996
17056.844409	99.6336996336996
17066.844409	99.6336996336996
17076.844409	99.6336996336996
17086.844409	99.6336996336996
17096.844409	99.6336996336996
17106.844409	99.6336996336996
17116.844409	99.6336996336996
17126.844409	99.6336996336996
17136.844409	99.6336996336996
17146.844409	99.6336996336996
17156.844409	99.6336996336996
17166.844409	99.6336996336996
17176.844409	99.6336996336996
17186.844409	99.6336996336996
17196.844409	99.6336996336996
17206.844409	99.6336996336996
17216.844409	99.6336996336996
17226.844409	99.6336996336996
17236.844409	99.6336996336996
17246.844409	99.6336996336996
17256.844409	99.6336996336996
17266.844409	99.6336996336996
17276.844409	99.6336996336996
17286.844409	99.6336996336996
17296.844409	99.6336996336996
17306.844409	99.6336996336996
17316.844409	99.6336996336996
17326.844409	99.6336996336996
17336.844409	99.6336996336996
17346.844409	99.6336996336996
17356.844409	99.6336996336996
17366.844409	99.6336996336996
17376.844409	99.6336996336996
17386.844409	99.6336996336996
17396.844409	99.6336996336996
17406.844409	99.6336996336996
17416.844409	99.6336996336996
17426.844409	99.6336996336996
17436.844409	99.6336996336996
17446.844409	99.6336996336996
17456.844409	99.6336996336996
17466.844409	99.6336996336996
17476.844409	99.6336996336996
17486.844409	99.6336996336996
17496.844409	99.6336996336996
17506.844409	99.6336996336996
17516.844409	99.6336996336996
17526.844409	99.6336996336996
17536.844409	99.6336996336996
17546.844409	99.6336996336996
17556.844409	99.6336996336996
17566.844409	99.6336996336996
17576.844409	99.6336996336996
17586.844409	99.6336996336996
17596.844409	99.6336996336996
17606.844409	99.6336996336996
17616.844409	99.6336996336996
17626.844409	99.6336996336996
17636.844409	99.6336996336996
17646.844409	99.6336996336996
17656.844409	99.6336996336996
17666.844409	99.6336996336996
17676.844409	99.6336996336996
17686.844409	99.6336996336996
17696.844409	99.6336996336996
17706.844409	99.6336996336996
17716.844409	99.6336996336996
17726.844409	99.6336996336996
17736.844409	99.6336996336996
17746.844409	99.6336996336996
17756.844409	99.6336996336996
17766.844409	99.6336996336996
17776.844409	99.6336996336996
17786.844409	99.6336996336996
17796.844409	99.6336996336996
17806.844409	99.6336996336996
17816.844409	99.6336996336996
17826.844409	99.6336996336996
17836.844409	99.6336996336996
17846.844409	99.6336996336996
17856.844409	99.6336996336996
17866.844409	99.6336996336996
17876.844409	99.6336996336996
17886.844409	99.6336996336996
17896.844409	99.6336996336996
17906.844409	99.6336996336996
17916.844409	99.6336996336996
17926.844409	99.6336996336996
17936.844409	99.6336996336996
17946.844409	99.6336996336996
17956.844409	99.6336996336996
17966.844409	99.6336996336996
17976.844409	99.6336996336996
17986.844409	99.6336996336996
17996.844409	99.6336996336996
18006.844409	99.6336996336996
18016.844409	99.6336996336996
18026.844409	99.6336996336996
18036.844409	99.6336996336996
18046.844409	99.6336996336996
18056.844409	99.6336996336996
18066.844409	99.6336996336996
18076.844409	99.6336996336996
18086.844409	99.6336996336996
18096.844409	99.6336996336996
18106.844409	99.6336996336996
18116.844409	99.6336996336996
18126.844409	99.6336996336996
18136.844409	99.6336996336996
18146.844409	99.6336996336996
18156.844409	99.6336996336996
18166.844409	99.6336996336996
18176.844409	99.6336996336996
18186.844409	99.6336996336996
18196.844409	99.6336996336996
18206.844409	99.6336996336996
18216.844409	99.6336996336996
18226.844409	99.6336996336996
18236.844409	99.6336996336996
18246.844409	99.6336996336996
18256.844409	99.6336996336996
18266.844409	99.6336996336996
18276.844409	99.6336996336996
18286.844409	99.6336996336996
18296.844409	99.6336996336996
18306.844409	99.6336996336996
18316.844409	99.6336996336996
18326.844409	99.6336996336996
18336.844409	99.6336996336996
18346.844409	99.6336996336996
18356.844409	99.6336996336996
18366.844409	99.6336996336996
18376.844409	99.6336996336996
18386.844409	99.6336996336996
18396.844409	99.6336996336996
18406.844409	99.6336996336996
18416.844409	99.6336996336996
18426.844409	99.6336996336996
18436.844409	99.6336996336996
18446.844409	99.6336996336996
18456.844409	99.6336996336996
18466.844409	99.6336996336996
18476.844409	99.6336996336996
18486.844409	99.6336996336996
18496.844409	99.6336996336996
18506.844409	99.6336996336996
18516.844409	99.6336996336996
18526.844409	99.6336996336996
18536.844409	99.6336996336996
18546.844409	99.6336996336996
18556.844409	99.6336996336996
18566.844409	99.6336996336996
18576.844409	99.6336996336996
18586.844409	99.6336996336996
18596.844409	99.6336996336996
18606.844409	99.6336996336996
18616.844409	99.6336996336996
18626.844409	99.6336996336996
18636.844409	99.6336996336996
18646.844409	99.6336996336996
18656.844409	99.6336996336996
18666.844409	99.6336996336996
18676.844409	99.6336996336996
18686.844409	99.6336996336996
18696.844409	99.6336996336996
18706.844409	99.6336996336996
18716.844409	99.6336996336996
18726.844409	99.6336996336996
18736.844409	99.6336996336996
18746.844409	99.6336996336996
18756.844409	99.6336996336996
18766.844409	99.6336996336996
18776.844409	99.6336996336996
18786.844409	99.6336996336996
18796.844409	99.6336996336996
18806.844409	99.6336996336996
18816.844409	99.6336996336996
18826.844409	99.6336996336996
18836.844409	99.6336996336996
18846.844409	99.6336996336996
18856.844409	99.6336996336996
18866.844409	99.6336996336996
18876.844409	99.6336996336996
18886.844409	99.6336996336996
18896.844409	99.6336996336996
18906.844409	99.6336996336996
18916.844409	99.6336996336996
18926.844409	99.6336996336996
18936.844409	99.6336996336996
18946.844409	99.6336996336996
18956.844409	99.6336996336996
18966.844409	99.6336996336996
18976.844409	99.6336996336996
18986.844409	99.6336996336996
18996.844409	99.6336996336996
19006.844409	99.6336996336996
19016.844409	99.6336996336996
19026.844409	99.6336996336996
19036.844409	99.6336996336996
19046.844409	99.6336996336996
19056.844409	99.6336996336996
19066.844409	99.6336996336996
19076.844409	99.6336996336996
19086.844409	99.6336996336996
19096.844409	99.6336996336996
19106.844409	99.6336996336996
19116.844409	99.6336996336996
19126.844409	99.6336996336996
19136.844409	99.6336996336996
19146.844409	99.6336996336996
19156.844409	99.6336996336996
19166.844409	99.6336996336996
19176.844409	99.6336996336996
19186.844409	99.6336996336996
19196.844409	99.6336996336996
19206.844409	99.6336996336996
19216.844409	99.6336996336996
19226.844409	99.6336996336996
19236.844409	99.6336996336996
19246.844409	99.6336996336996
19256.844409	99.6336996336996
19266.844409	99.6336996336996
19276.844409	99.6336996336996
19286.844409	99.6336996336996
19296.844409	99.6336996336996
19306.844409	99.6336996336996
19316.844409	99.6336996336996
19326.844409	99.6336996336996
19336.844409	99.6336996336996
19346.844409	99.6336996336996
19356.844409	99.6336996336996
19366.844409	99.6336996336996
19376.844409	99.6336996336996
19386.844409	99.6336996336996
19396.844409	99.6336996336996
19406.844409	99.6336996336996
19416.844409	99.6336996336996
19426.844409	99.6336996336996
19436.844409	99.6336996336996
19446.844409	99.6336996336996
19456.844409	99.6336996336996
19466.844409	99.6336996336996
19476.844409	99.6336996336996
19486.844409	99.6336996336996
19496.844409	99.6336996336996
19506.844409	99.6336996336996
19516.844409	99.6336996336996
19526.844409	99.6336996336996
19536.844409	99.6336996336996
19546.844409	99.6336996336996
19556.844409	99.6336996336996
19566.844409	99.6336996336996
19576.844409	99.6336996336996
19586.844409	99.6336996336996
19596.844409	99.6336996336996
19606.844409	99.6336996336996
19616.844409	99.6336996336996
19626.844409	99.6336996336996
19636.844409	99.6336996336996
19646.844409	99.6336996336996
19656.844409	99.6336996336996
19666.844409	99.6336996336996
19676.844409	99.6336996336996
19686.844409	99.6336996336996
19696.844409	99.6336996336996
19706.844409	99.6336996336996
19716.844409	99.6336996336996
19726.844409	99.6336996336996
19736.844409	99.6336996336996
19746.844409	99.6336996336996
19756.844409	99.6336996336996
19766.844409	99.6336996336996
19776.844409	99.6336996336996
19786.844409	99.6336996336996
19796.844409	99.6336996336996
19806.844409	99.6336996336996
19816.844409	99.6336996336996
19826.844409	99.6336996336996
19836.844409	99.6336996336996
19846.844409	99.6336996336996
19856.844409	99.6336996336996
19866.844409	99.6336996336996
19876.844409	99.6336996336996
19886.844409	99.6336996336996
19896.844409	99.6336996336996
19906.844409	99.6336996336996
19916.844409	99.6336996336996
19926.844409	99.6336996336996
19936.844409	99.6336996336996
19946.844409	99.6336996336996
19956.844409	99.6336996336996
19966.844409	99.6336996336996
19976.844409	99.6336996336996
19986.844409	99.6336996336996
19996.844409	99.6336996336996
20006.844409	99.6336996336996
20016.844409	99.6336996336996
20026.844409	99.6336996336996
20036.844409	99.6336996336996
20046.844409	99.6336996336996
20056.844409	99.6336996336996
20066.844409	99.6336996336996
20076.844409	99.6336996336996
20086.844409	99.6336996336996
20096.844409	99.6336996336996
20106.844409	99.6336996336996
20116.844409	99.6336996336996
20126.844409	99.6336996336996
20136.844409	99.6336996336996
20146.844409	99.6336996336996
20156.844409	99.6336996336996
20166.844409	99.6336996336996
20176.844409	99.6336996336996
20186.844409	99.6336996336996
20196.844409	99.6336996336996
20206.844409	99.6336996336996
20216.844409	99.6336996336996
20226.844409	99.6336996336996
20236.844409	99.6336996336996
20246.844409	99.6336996336996
20256.844409	99.6336996336996
20266.844409	99.6336996336996
20276.844409	99.6336996336996
20286.844409	99.6336996336996
20296.844409	99.6336996336996
20306.844409	99.6336996336996
20316.844409	99.6336996336996
20326.844409	99.6336996336996
20336.844409	99.6336996336996
20346.844409	99.6336996336996
20356.844409	99.6336996336996
20366.844409	99.6336996336996
20376.844409	99.6336996336996
20386.844409	99.6336996336996
20396.844409	99.6336996336996
20406.844409	99.6336996336996
20416.844409	99.6336996336996
20426.844409	99.6336996336996
20436.844409	99.6336996336996
20446.844409	99.6336996336996
20456.844409	99.6336996336996
20466.844409	99.6336996336996
20476.844409	99.6336996336996
20486.844409	99.6336996336996
20496.844409	99.6336996336996
20506.844409	99.6336996336996
20516.844409	99.6336996336996
20526.844409	99.6336996336996
20536.844409	99.6336996336996
20546.844409	99.6336996336996
20556.844409	99.6336996336996
20566.844409	99.6336996336996
20576.844409	99.6336996336996
20586.844409	99.6336996336996
20596.844409	99.6336996336996
20606.844409	99.6336996336996
20616.844409	99.6336996336996
20626.844409	99.6336996336996
20636.844409	99.6336996336996
20646.844409	99.6336996336996
20656.844409	99.6336996336996
20666.844409	99.6336996336996
20676.844409	99.6336996336996
20686.844409	99.6336996336996
20696.844409	99.6336996336996
20706.844409	99.6336996336996
20716.844409	99.6336996336996
20726.844409	99.6336996336996
20736.844409	99.6336996336996
20746.844409	99.6336996336996
20756.844409	99.6336996336996
20766.844409	99.6336996336996
20776.844409	99.6336996336996
20786.844409	99.6336996336996
20796.844409	99.6336996336996
20806.844409	99.6336996336996
20816.844409	99.6336996336996
20826.844409	99.6336996336996
20836.844409	99.6336996336996
20846.844409	99.6336996336996
20856.844409	99.6336996336996
20866.844409	99.6336996336996
20876.844409	99.6336996336996
20886.844409	99.6336996336996
20896.844409	99.6336996336996
20906.844409	99.6336996336996
20916.844409	99.6336996336996
20926.844409	99.6336996336996
20936.844409	99.6336996336996
20946.844409	99.6336996336996
20956.844409	99.6336996336996
20966.844409	99.6336996336996
20976.844409	99.6336996336996
20986.844409	99.6336996336996
20996.844409	99.6336996336996
21006.844409	99.6336996336996
21016.844409	99.6336996336996
21026.844409	99.6336996336996
21036.844409	99.6336996336996
21046.844409	99.6336996336996
21056.844409	99.6336996336996
21066.844409	99.6336996336996
21076.844409	99.6336996336996
21086.844409	99.6336996336996
21096.844409	99.6336996336996
21106.844409	99.6336996336996
21116.844409	99.6336996336996
21126.844409	99.6336996336996
21136.844409	99.6336996336996
21146.844409	99.6336996336996
21156.844409	99.6336996336996
21166.844409	99.6336996336996
21176.844409	99.6336996336996
21186.844409	99.6336996336996
21196.844409	99.6336996336996
21206.844409	99.6336996336996
21216.844409	99.6336996336996
21226.844409	99.6336996336996
21236.844409	99.6336996336996
21246.844409	99.6336996336996
21256.844409	99.6336996336996
21266.844409	99.6336996336996
21276.844409	99.6336996336996
21286.844409	99.6336996336996
21296.844409	99.6336996336996
21306.844409	99.6336996336996
21316.844409	99.6336996336996
21326.844409	99.6336996336996
21336.844409	99.6336996336996
21346.844409	99.6336996336996
21356.844409	99.6336996336996
21366.844409	99.6336996336996
21376.844409	99.6336996336996
21386.844409	99.6336996336996
21396.844409	99.6336996336996
21406.844409	99.6336996336996
21416.844409	99.6336996336996
21426.844409	99.6336996336996
21436.844409	99.6336996336996
21446.844409	99.6336996336996
21456.844409	99.6336996336996
21466.844409	99.6336996336996
21476.844409	99.6336996336996
21486.844409	99.6336996336996
21496.844409	99.6336996336996
21506.844409	99.6336996336996
21516.844409	99.6336996336996
21526.844409	99.6336996336996
21536.844409	99.6336996336996
21546.844409	99.6336996336996
21556.844409	99.6336996336996
21566.844409	99.6336996336996
21576.844409	99.6336996336996
21586.844409	99.6336996336996
21596.844409	99.6336996336996
21606.844409	99.6336996336996
21616.844409	99.6336996336996
21626.844409	99.6336996336996
21636.844409	99.6336996336996
21646.844409	99.6336996336996
21656.844409	99.6336996336996
21666.844409	99.6336996336996
21676.844409	99.6336996336996
21686.844409	99.6336996336996
21696.844409	99.6336996336996
21706.844409	99.6336996336996
21716.844409	99.6336996336996
21726.844409	99.6336996336996
21736.844409	99.6336996336996
21746.844409	99.6336996336996
21756.844409	99.6336996336996
21766.844409	99.6336996336996
21776.844409	99.6336996336996
21786.844409	99.6336996336996
21796.844409	99.6336996336996
21806.844409	99.6336996336996
21816.844409	99.6336996336996
21826.844409	99.6336996336996
21836.844409	99.6336996336996
21846.844409	99.6336996336996
21856.844409	99.6336996336996
21866.844409	99.6336996336996
21876.844409	99.6336996336996
21886.844409	99.6336996336996
21896.844409	99.6336996336996
21906.844409	99.6336996336996
21916.844409	99.6336996336996
21926.844409	99.6336996336996
21936.844409	99.6336996336996
21946.844409	99.6336996336996
21956.844409	99.6336996336996
21966.844409	99.6336996336996
21976.844409	99.6336996336996
21986.844409	99.6336996336996
21996.844409	99.6336996336996
22006.844409	99.6336996336996
22016.844409	99.6336996336996
22026.844409	99.6336996336996
22036.844409	99.6336996336996
22046.844409	99.6336996336996
22056.844409	99.6336996336996
22066.844409	99.6336996336996
22076.844409	99.6336996336996
22086.844409	99.6336996336996
22096.844409	99.6336996336996
22106.844409	99.6336996336996
22116.844409	99.6336996336996
22126.844409	99.6336996336996
22136.844409	99.6336996336996
22146.844409	99.6336996336996
22156.844409	99.6336996336996
22166.844409	99.6336996336996
22176.844409	99.6336996336996
22186.844409	99.6336996336996
22196.844409	99.6336996336996
22206.844409	99.6336996336996
22216.844409	99.6336996336996
22226.844409	99.6336996336996
22236.844409	99.6336996336996
22246.844409	99.6336996336996
22256.844409	99.6336996336996
22266.844409	99.6336996336996
22276.844409	99.6336996336996
22286.844409	99.6336996336996
22296.844409	99.6336996336996
22306.844409	99.6336996336996
22316.844409	99.6336996336996
22326.844409	99.6336996336996
22336.844409	99.6336996336996
22346.844409	99.6336996336996
22356.844409	99.6336996336996
22366.844409	99.6336996336996
22376.844409	99.6336996336996
22386.844409	99.6336996336996
22396.844409	99.6336996336996
22406.844409	99.6336996336996
22416.844409	99.6336996336996
22426.844409	99.6336996336996
22436.844409	99.6336996336996
22446.844409	99.6336996336996
22456.844409	99.6336996336996
22466.844409	99.6336996336996
22476.844409	99.6336996336996
22486.844409	99.6336996336996
22496.844409	99.6336996336996
22506.844409	99.6336996336996
22516.844409	99.6336996336996
22526.844409	99.6336996336996
22536.844409	99.6336996336996
22546.844409	99.6336996336996
22556.844409	99.6336996336996
22566.844409	99.6336996336996
22576.844409	99.6336996336996
22586.844409	99.6336996336996
22596.844409	99.6336996336996
22606.844409	99.6336996336996
22616.844409	99.6336996336996
22626.844409	99.6336996336996
22636.844409	99.6336996336996
22646.844409	99.6336996336996
22656.844409	99.6336996336996
22666.844409	99.6336996336996
22676.844409	99.6336996336996
22686.844409	99.6336996336996
22696.844409	99.6336996336996
22706.844409	99.6336996336996
22716.844409	99.6336996336996
22726.844409	99.6336996336996
22736.844409	99.6336996336996
22746.844409	99.6336996336996
22756.844409	99.6336996336996
22766.844409	99.6336996336996
22776.844409	99.6336996336996
22786.844409	99.6336996336996
22796.844409	99.6336996336996
22806.844409	99.6336996336996
22816.844409	99.6336996336996
22826.844409	99.6336996336996
22836.844409	99.6336996336996
22846.844409	99.6336996336996
22856.844409	99.6336996336996
22866.844409	99.6336996336996
22876.844409	99.6336996336996
22886.844409	99.6336996336996
22896.844409	99.6336996336996
22906.844409	99.6336996336996
22916.844409	99.6336996336996
22926.844409	99.6336996336996
22936.844409	99.6336996336996
22946.844409	99.6336996336996
22956.844409	99.6336996336996
22966.844409	99.6336996336996
22976.844409	99.6336996336996
22986.844409	99.6336996336996
22996.844409	99.6336996336996
23006.844409	99.6336996336996
23016.844409	99.6336996336996
23026.844409	99.6336996336996
23036.844409	99.6336996336996
23046.844409	99.6336996336996
23056.844409	99.6336996336996
23066.844409	99.6336996336996
23076.844409	99.6336996336996
23086.844409	99.6336996336996
23096.844409	99.6336996336996
23106.844409	99.6336996336996
23116.844409	99.6336996336996
23126.844409	99.6336996336996
23136.844409	99.6336996336996
23146.844409	99.6336996336996
23156.844409	99.6336996336996
23166.844409	99.6336996336996
23176.844409	99.6336996336996
23186.844409	99.6336996336996
23196.844409	99.6336996336996
23206.844409	99.6336996336996
23216.844409	99.6336996336996
23226.844409	99.6336996336996
23236.844409	99.6336996336996
23246.844409	99.6336996336996
23256.844409	99.6336996336996
23266.844409	99.6336996336996
23276.844409	99.6336996336996
23286.844409	99.6336996336996
23296.844409	99.6336996336996
23306.844409	99.6336996336996
23316.844409	99.6336996336996
23326.844409	99.6336996336996
23336.844409	99.6336996336996
23346.844409	99.6336996336996
23356.844409	99.6336996336996
23366.844409	99.6336996336996
23376.844409	99.6336996336996
23386.844409	99.6336996336996
23396.844409	99.6336996336996
23406.844409	99.6336996336996
23416.844409	99.6336996336996
23426.844409	99.6336996336996
23436.844409	99.6336996336996
23446.844409	99.6336996336996
23456.844409	99.6336996336996
23466.844409	99.6336996336996
23476.844409	99.6336996336996
23486.844409	99.6336996336996
23496.844409	99.6336996336996
23506.844409	99.6336996336996
23516.844409	99.6336996336996
23526.844409	99.6336996336996
23536.844409	99.6336996336996
23546.844409	99.6336996336996
23556.844409	99.6336996336996
23566.844409	99.6336996336996
23576.844409	99.6336996336996
23586.844409	99.6336996336996
23596.844409	99.6336996336996
23606.844409	99.6336996336996
23616.844409	99.6336996336996
23626.844409	99.6336996336996
23636.844409	99.6336996336996
23646.844409	99.6336996336996
23656.844409	99.6336996336996
23666.844409	99.6336996336996
23676.844409	99.6336996336996
23686.844409	99.6336996336996
23696.844409	99.6336996336996
23706.844409	99.6336996336996
23716.844409	99.6336996336996
23726.844409	99.6336996336996
23736.844409	99.6336996336996
23746.844409	99.6336996336996
23756.844409	99.6336996336996
23766.844409	99.6336996336996
23776.844409	99.6336996336996
23786.844409	99.6336996336996
23796.844409	99.6336996336996
23806.844409	99.6336996336996
23816.844409	99.6336996336996
23826.844409	99.6336996336996
23836.844409	99.6336996336996
23846.844409	99.6336996336996
23856.844409	99.6336996336996
23866.844409	99.6336996336996
23876.844409	99.6336996336996
23886.844409	99.6336996336996
23896.844409	99.6336996336996
23906.844409	99.6336996336996
23916.844409	99.6336996336996
23926.844409	99.6336996336996
23936.844409	99.6336996336996
23946.844409	99.6336996336996
23956.844409	99.6336996336996
23966.844409	99.6336996336996
23976.844409	99.6336996336996
23986.844409	99.6336996336996
23996.844409	99.6336996336996
24006.844409	99.6336996336996
24016.844409	99.6336996336996
24026.844409	99.6336996336996
24036.844409	99.6336996336996
24046.844409	99.6336996336996
24056.844409	99.6336996336996
24066.844409	99.6336996336996
24076.844409	99.6336996336996
24086.844409	99.6336996336996
24096.844409	99.6336996336996
24106.844409	99.6336996336996
24116.844409	99.6336996336996
24126.844409	99.6336996336996
24136.844409	99.6336996336996
24146.844409	99.6336996336996
24156.844409	99.6336996336996
24166.844409	99.6336996336996
24176.844409	99.6336996336996
24186.844409	99.6336996336996
24196.844409	99.6336996336996
24206.844409	99.6336996336996
24216.844409	99.6336996336996
24226.844409	99.6336996336996
24236.844409	99.6336996336996
24246.844409	99.6336996336996
24256.844409	99.6336996336996
24266.844409	99.6336996336996
24276.844409	99.6336996336996
24286.844409	99.6336996336996
24296.844409	99.6336996336996
24306.844409	99.6336996336996
24316.844409	99.6336996336996
24326.844409	99.6336996336996
24336.844409	99.6336996336996
24346.844409	99.6336996336996
24356.844409	99.6336996336996
24366.844409	99.6336996336996
24376.844409	99.6336996336996
24386.844409	99.6336996336996
24396.844409	99.6336996336996
24406.844409	99.6336996336996
24416.844409	99.6336996336996
24426.844409	99.6336996336996
24436.844409	99.6336996336996
24446.844409	99.6336996336996
24456.844409	99.6336996336996
24466.844409	99.6336996336996
24476.844409	99.6336996336996
24486.844409	99.6336996336996
24496.844409	99.6336996336996
24506.844409	99.6336996336996
24516.844409	99.6336996336996
24526.844409	99.6336996336996
24536.844409	99.6336996336996
24546.844409	99.6336996336996
24556.844409	99.6336996336996
24566.844409	99.6336996336996
24576.844409	99.6336996336996
24586.844409	99.6336996336996
24596.844409	99.6336996336996
24606.844409	99.6336996336996
24616.844409	99.6336996336996
24626.844409	99.6336996336996
24636.844409	99.6336996336996
24646.844409	99.6336996336996
24656.844409	99.6336996336996
24666.844409	99.6336996336996
24676.844409	99.6336996336996
24686.844409	99.6336996336996
24696.844409	99.6336996336996
24706.844409	99.6336996336996
24716.844409	99.6336996336996
24726.844409	99.6336996336996
24736.844409	99.6336996336996
24746.844409	99.6336996336996
24756.844409	99.6336996336996
24766.844409	99.6336996336996
24776.844409	99.6336996336996
24786.844409	99.6336996336996
24796.844409	99.6336996336996
24806.844409	99.6336996336996
24816.844409	99.6336996336996
24826.844409	99.6336996336996
24836.844409	99.6336996336996
24846.844409	99.6336996336996
24856.844409	99.6336996336996
24866.844409	99.6336996336996
24876.844409	99.6336996336996
24886.844409	99.6336996336996
24896.844409	99.6336996336996
24906.844409	99.6336996336996
24916.844409	99.6336996336996
24926.844409	99.6336996336996
24936.844409	99.6336996336996
24946.844409	99.6336996336996
24956.844409	99.6336996336996
24966.844409	99.6336996336996
24976.844409	99.6336996336996
24986.844409	99.6336996336996
24996.844409	99.6336996336996
25006.844409	99.6336996336996
25016.844409	99.6336996336996
25026.844409	99.6336996336996
25036.844409	99.6336996336996
25046.844409	99.6336996336996
25056.844409	99.6336996336996
25066.844409	99.6336996336996
25076.844409	99.6336996336996
25086.844409	99.6336996336996
25096.844409	99.6336996336996
25106.844409	99.6336996336996
25116.844409	99.6336996336996
25126.844409	99.6336996336996
25136.844409	99.6336996336996
25146.844409	99.6336996336996
25156.844409	99.6336996336996
25166.844409	99.6336996336996
25176.844409	99.6336996336996
25186.844409	99.6336996336996
25196.844409	99.6336996336996
25206.844409	99.6336996336996
25216.844409	99.6336996336996
25226.844409	99.6336996336996
25236.844409	99.6336996336996
25246.844409	99.6336996336996
25256.844409	99.6336996336996
25266.844409	99.6336996336996
25276.844409	99.6336996336996
25286.844409	99.6336996336996
25296.844409	99.6336996336996
25306.844409	99.6336996336996
25316.844409	99.6336996336996
25326.844409	99.6336996336996
25336.844409	99.6336996336996
25346.844409	99.6336996336996
25356.844409	99.6336996336996
25366.844409	99.6336996336996
25376.844409	99.6336996336996
25386.844409	99.6336996336996
25396.844409	99.6336996336996
25406.844409	99.6336996336996
25416.844409	99.6336996336996
25426.844409	99.6336996336996
25436.844409	99.6336996336996
25446.844409	99.6336996336996
25456.844409	99.6336996336996
25466.844409	99.6336996336996
25476.844409	99.6336996336996
25486.844409	99.6336996336996
25496.844409	99.6336996336996
25506.844409	99.6336996336996
25516.844409	99.6336996336996
25526.844409	99.6336996336996
25536.844409	99.6336996336996
25546.844409	99.6336996336996
25556.844409	99.6336996336996
25566.844409	99.6336996336996
25576.844409	99.6336996336996
25586.844409	99.6336996336996
25596.844409	99.6336996336996
25606.844409	99.6336996336996
25616.844409	99.6336996336996
25626.844409	99.6336996336996
25636.844409	99.6336996336996
25646.844409	99.6336996336996
25656.844409	99.6336996336996
25666.844409	99.6336996336996
25676.844409	99.6336996336996
25686.844409	99.6336996336996
25696.844409	99.6336996336996
25706.844409	99.6336996336996
25716.844409	99.6336996336996
25726.844409	99.6336996336996
25736.844409	99.6336996336996
25746.844409	99.6336996336996
25756.844409	99.6336996336996
25766.844409	99.6336996336996
25776.844409	99.6336996336996
25786.844409	99.6336996336996
25796.844409	99.6336996336996
25806.844409	99.6336996336996
25816.844409	99.6336996336996
25826.844409	99.6336996336996
25836.844409	99.6336996336996
25846.844409	99.6336996336996
25856.844409	99.6336996336996
25866.844409	99.6336996336996
25876.844409	99.6336996336996
25886.844409	99.6336996336996
25896.844409	99.6336996336996
25906.844409	99.6336996336996
25916.844409	99.6336996336996
25926.844409	99.6336996336996
25936.844409	99.6336996336996
25946.844409	99.6336996336996
25956.844409	99.6336996336996
25966.844409	99.6336996336996
25976.844409	99.6336996336996
25986.844409	99.6336996336996
25996.844409	99.6336996336996
26006.844409	99.6336996336996
26016.844409	99.6336996336996
26026.844409	99.6336996336996
26036.844409	99.6336996336996
26046.844409	99.6336996336996
26056.844409	99.6336996336996
26066.844409	99.6336996336996
26076.844409	99.6336996336996
26086.844409	99.6336996336996
26096.844409	99.6336996336996
26106.844409	99.6336996336996
26116.844409	99.6336996336996
26126.844409	99.6336996336996
26136.844409	99.6336996336996
26146.844409	99.6336996336996
26156.844409	99.6336996336996
26166.844409	99.6336996336996
26176.844409	99.6336996336996
26186.844409	99.6336996336996
26196.844409	99.6336996336996
26206.844409	99.6336996336996
26216.844409	99.6336996336996
26226.844409	99.6336996336996
26236.844409	99.6336996336996
26246.844409	99.6336996336996
26256.844409	99.6336996336996
26266.844409	99.6336996336996
26276.844409	99.6336996336996
26286.844409	99.6336996336996
26296.844409	99.6336996336996
26306.844409	99.6336996336996
26316.844409	99.6336996336996
26326.844409	99.6336996336996
26336.844409	99.6336996336996
26346.844409	99.6336996336996
26356.844409	99.6336996336996
26366.844409	99.6336996336996
26376.844409	99.6336996336996
26386.844409	99.6336996336996
26396.844409	99.6336996336996
26406.844409	99.6336996336996
26416.844409	99.6336996336996
26426.844409	99.6336996336996
26436.844409	99.6336996336996
26446.844409	99.6336996336996
26456.844409	99.6336996336996
26466.844409	99.6336996336996
26476.844409	99.6336996336996
26486.844409	99.6336996336996
26496.844409	99.6336996336996
26506.844409	99.6336996336996
26516.844409	99.6336996336996
26526.844409	99.6336996336996
26536.844409	99.6336996336996
26546.844409	99.6336996336996
26556.844409	99.6336996336996
26566.844409	99.6336996336996
26576.844409	99.6336996336996
26586.844409	99.6336996336996
26596.844409	99.6336996336996
26606.844409	99.6336996336996
26616.844409	99.6336996336996
26626.844409	99.6336996336996
26636.844409	99.6336996336996
26646.844409	99.6336996336996
26656.844409	99.6336996336996
26666.844409	99.6336996336996
26676.844409	99.6336996336996
26686.844409	99.6336996336996
26696.844409	99.6336996336996
26706.844409	99.6336996336996
26716.844409	99.6336996336996
26726.844409	99.6336996336996
26736.844409	99.6336996336996
26746.844409	99.6336996336996
26756.844409	99.6336996336996
26766.844409	99.6336996336996
26776.844409	99.6336996336996
26786.844409	99.6336996336996
26796.844409	99.6336996336996
26806.844409	99.6336996336996
26816.844409	99.6336996336996
26826.844409	99.6336996336996
26836.844409	99.6336996336996
26846.844409	99.6336996336996
26856.844409	99.6336996336996
26866.844409	99.6336996336996
26876.844409	99.6336996336996
26886.844409	99.6336996336996
26896.844409	99.6336996336996
26906.844409	99.6336996336996
26916.844409	99.6336996336996
26926.844409	99.6336996336996
26936.844409	99.6336996336996
26946.844409	99.6336996336996
26956.844409	99.6336996336996
26966.844409	99.6336996336996
26976.844409	99.6336996336996
26986.844409	99.6336996336996
26996.844409	99.6336996336996
27006.844409	99.6336996336996
27016.844409	99.6336996336996
27026.844409	99.6336996336996
27036.844409	99.6336996336996
27046.844409	99.6336996336996
27056.844409	99.6336996336996
27066.844409	99.6336996336996
27076.844409	99.6336996336996
27086.844409	99.6336996336996
27096.844409	99.6336996336996
27106.844409	99.6336996336996
27116.844409	99.6336996336996
27126.844409	99.6336996336996
27136.844409	99.6336996336996
27146.844409	99.6336996336996
27156.844409	99.6336996336996
27166.844409	99.6336996336996
27176.844409	99.6336996336996
27186.844409	99.6336996336996
27196.844409	99.6336996336996
27206.844409	99.6336996336996
27216.844409	99.6336996336996
27226.844409	99.6336996336996
27236.844409	99.6336996336996
27246.844409	99.6336996336996
27256.844409	99.6336996336996
27266.844409	99.6336996336996
27276.844409	99.6336996336996
27286.844409	99.6336996336996
27296.844409	99.6336996336996
27306.844409	99.6336996336996
27316.844409	99.6336996336996
27326.844409	99.6336996336996
27336.844409	99.6336996336996
27346.844409	99.6336996336996
27356.844409	99.6336996336996
27366.844409	99.6336996336996
27376.844409	99.6336996336996
27386.844409	99.6336996336996
27396.844409	99.6336996336996
27406.844409	99.6336996336996
27416.844409	99.6336996336996
27426.844409	99.6336996336996
27436.844409	99.6336996336996
27446.844409	99.6336996336996
27456.844409	99.6336996336996
27466.844409	99.6336996336996
27476.844409	99.6336996336996
27486.844409	99.6336996336996
27496.844409	99.6336996336996
27506.844409	99.6336996336996
27516.844409	99.6336996336996
27526.844409	99.6336996336996
27536.844409	99.6336996336996
27546.844409	99.6336996336996
27556.844409	99.6336996336996
27566.844409	99.6336996336996
27576.844409	99.6336996336996
27586.844409	99.6336996336996
27596.844409	99.6336996336996
27606.844409	99.6336996336996
27616.844409	99.6336996336996
27626.844409	99.6336996336996
27636.844409	99.6336996336996
27646.844409	99.6336996336996
27656.844409	99.6336996336996
27666.844409	99.6336996336996
27676.844409	99.6336996336996
27686.844409	99.6336996336996
27696.844409	99.6336996336996
27706.844409	99.6336996336996
27716.844409	99.6336996336996
27726.844409	99.6336996336996
27736.844409	99.6336996336996
27746.844409	99.6336996336996
27756.844409	99.6336996336996
27766.844409	99.6336996336996
27776.844409	99.6336996336996
27786.844409	99.6336996336996
27796.844409	99.6336996336996
27806.844409	99.6336996336996
27816.844409	99.6336996336996
27826.844409	99.6336996336996
27836.844409	99.6336996336996
27846.844409	99.6336996336996
27856.844409	99.6336996336996
27866.844409	99.6336996336996
27876.844409	99.6336996336996
27886.844409	99.6336996336996
27896.844409	99.6336996336996
27906.844409	99.6336996336996
27916.844409	99.6336996336996
27926.844409	99.6336996336996
27936.844409	99.6336996336996
27946.844409	99.6336996336996
27956.844409	99.6336996336996
27966.844409	99.6336996336996
27976.844409	99.6336996336996
27986.844409	99.6336996336996
27996.844409	99.6336996336996
28006.844409	99.6336996336996
28016.844409	99.6336996336996
28026.844409	99.6336996336996
28036.844409	99.6336996336996
28046.844409	99.6336996336996
28056.844409	99.6336996336996
28066.844409	99.6336996336996
28076.844409	99.6336996336996
28086.844409	99.6336996336996
28096.844409	99.6336996336996
28106.844409	99.6336996336996
28116.844409	99.6336996336996
28126.844409	99.6336996336996
28136.844409	99.6336996336996
28146.844409	99.6336996336996
28156.844409	99.6336996336996
28166.844409	99.6336996336996
28176.844409	99.6336996336996
28186.844409	99.6336996336996
28196.844409	99.6336996336996
28206.844409	99.6336996336996
28216.844409	99.6336996336996
28226.844409	99.6336996336996
28236.844409	99.6336996336996
28246.844409	99.6336996336996
28256.844409	99.6336996336996
28266.844409	99.6336996336996
28276.844409	99.6336996336996
28286.844409	99.6336996336996
28296.844409	99.6336996336996
28306.844409	99.6336996336996
28316.844409	99.6336996336996
28326.844409	99.6336996336996
28336.844409	99.6336996336996
28346.844409	99.6336996336996
28356.844409	99.6336996336996
28366.844409	99.6336996336996
28376.844409	99.6336996336996
28386.844409	99.6336996336996
28396.844409	99.6336996336996
28406.844409	99.6336996336996
28416.844409	99.6336996336996
28426.844409	99.6336996336996
28436.844409	99.6336996336996
28446.844409	99.6336996336996
28456.844409	99.6336996336996
28466.844409	99.6336996336996
28476.844409	99.6336996336996
28486.844409	99.6336996336996
28496.844409	99.6336996336996
28506.844409	99.6336996336996
28516.844409	99.6336996336996
28526.844409	99.6336996336996
28536.844409	99.6336996336996
28546.844409	99.6336996336996
28556.844409	99.6336996336996
28566.844409	99.6336996336996
28576.844409	99.6336996336996
28586.844409	99.6336996336996
28596.844409	99.6336996336996
28606.844409	99.6336996336996
28616.844409	99.6336996336996
28626.844409	99.6336996336996
28636.844409	99.6336996336996
28646.844409	99.6336996336996
28656.844409	99.6336996336996
28666.844409	99.6336996336996
28676.844409	99.6336996336996
28686.844409	99.6336996336996
28696.844409	99.6336996336996
28706.844409	99.6336996336996
28716.844409	99.6336996336996
28726.844409	99.6336996336996
28736.844409	99.6336996336996
28746.844409	99.6336996336996
28756.844409	99.6336996336996
28766.844409	99.6336996336996
28776.844409	99.6336996336996
28786.844409	99.6336996336996
28796.844409	99.6336996336996
28806.844409	99.6336996336996
28816.844409	99.6336996336996
28826.844409	99.6336996336996
28836.844409	99.6336996336996
28846.844409	99.6336996336996
28856.844409	99.6336996336996
28866.844409	99.6336996336996
28876.844409	99.6336996336996
28886.844409	99.6336996336996
28896.844409	99.6336996336996
28906.844409	99.6336996336996
28916.844409	99.6336996336996
28926.844409	99.6336996336996
28936.844409	99.6336996336996
28946.844409	99.6336996336996
28956.844409	99.6336996336996
28966.844409	99.6336996336996
28976.844409	99.6336996336996
28986.844409	99.6336996336996
28996.844409	99.6336996336996
29006.844409	99.6336996336996
29016.844409	99.6336996336996
29026.844409	99.6336996336996
29036.844409	99.6336996336996
29046.844409	99.6336996336996
29056.844409	99.6336996336996
29066.844409	99.6336996336996
29076.844409	99.6336996336996
29086.844409	99.6336996336996
29096.844409	99.6336996336996
29106.844409	99.6336996336996
29116.844409	99.6336996336996
29126.844409	99.6336996336996
29136.844409	99.6336996336996
29146.844409	99.6336996336996
29156.844409	99.6336996336996
29166.844409	99.6336996336996
29176.844409	99.6336996336996
29186.844409	99.6336996336996
29196.844409	99.6336996336996
29206.844409	99.6336996336996
29216.844409	99.6336996336996
29226.844409	99.6336996336996
29236.844409	99.6336996336996
29246.844409	99.6336996336996
29256.844409	99.6336996336996
29266.844409	99.6336996336996
29276.844409	99.6336996336996
29286.844409	99.6336996336996
29296.844409	99.6336996336996
29306.844409	99.6336996336996
29316.844409	99.6336996336996
29326.844409	99.6336996336996
29336.844409	99.6336996336996
29346.844409	99.6336996336996
29356.844409	99.6336996336996
29366.844409	99.6336996336996
29376.844409	99.6336996336996
29386.844409	99.6336996336996
29396.844409	99.6336996336996
29406.844409	99.6336996336996
29416.844409	99.6336996336996
29426.844409	99.6336996336996
29436.844409	99.6336996336996
29446.844409	99.6336996336996
29456.844409	99.6336996336996
29466.844409	99.6336996336996
29476.844409	99.6336996336996
29486.844409	99.6336996336996
29496.844409	99.6336996336996
29506.844409	99.6336996336996
29516.844409	99.6336996336996
29526.844409	99.6336996336996
29536.844409	99.6336996336996
29546.844409	99.6336996336996
29556.844409	99.6336996336996
29566.844409	99.6336996336996
29576.844409	99.6336996336996
29586.844409	99.6336996336996
29596.844409	99.6336996336996
29606.844409	99.6336996336996
29616.844409	99.6336996336996
29626.844409	99.6336996336996
29636.844409	99.6336996336996
29646.844409	99.6336996336996
29656.844409	99.6336996336996
29666.844409	99.6336996336996
29676.844409	99.6336996336996
29686.844409	99.6336996336996
29696.844409	99.6336996336996
29706.844409	99.6336996336996
29716.844409	99.6336996336996
29726.844409	99.6336996336996
29736.844409	99.6336996336996
29746.844409	99.6336996336996
29756.844409	99.6336996336996
29766.844409	99.6336996336996
29776.844409	99.6336996336996
29786.844409	99.6336996336996
29796.844409	99.6336996336996
29806.844409	99.6336996336996
29816.844409	99.6336996336996
29826.844409	99.6336996336996
29836.844409	99.6336996336996
29846.844409	99.6336996336996
29856.844409	99.6336996336996
29866.844409	99.6336996336996
29876.844409	99.6336996336996
29886.844409	99.6336996336996
29896.844409	99.6336996336996
29906.844409	99.6336996336996
29916.844409	99.6336996336996
29926.844409	99.6336996336996
29936.844409	99.6336996336996
29946.844409	99.6336996336996
29956.844409	99.6336996336996
29966.844409	99.6336996336996
29976.844409	99.6336996336996
29986.844409	99.6336996336996
29996.844409	99.6336996336996
30006.844409	99.6336996336996
30016.844409	99.6336996336996
30026.844409	99.6336996336996
30036.844409	99.6336996336996
30046.844409	99.6336996336996
30056.844409	99.6336996336996
30066.844409	99.6336996336996
30076.844409	99.6336996336996
30086.844409	99.6336996336996
30096.844409	99.6336996336996
30106.844409	99.6336996336996
30116.844409	99.6336996336996
30126.844409	99.6336996336996
30136.844409	99.6336996336996
30146.844409	99.6336996336996
30156.844409	99.6336996336996
30166.844409	99.6336996336996
30176.844409	99.6336996336996
30186.844409	99.6336996336996
30196.844409	99.6336996336996
30206.844409	99.6336996336996
30216.844409	99.6336996336996
30226.844409	99.6336996336996
30236.844409	99.6336996336996
30246.844409	99.6336996336996
30256.844409	99.6336996336996
30266.844409	99.6336996336996
30276.844409	99.6336996336996
30286.844409	99.6336996336996
30296.844409	99.6336996336996
30306.844409	99.6336996336996
30316.844409	99.6336996336996
30326.844409	99.6336996336996
30336.844409	99.6336996336996
30346.844409	99.6336996336996
30356.844409	99.6336996336996
30366.844409	99.6336996336996
30376.844409	99.6336996336996
30386.844409	99.6336996336996
30396.844409	99.6336996336996
30406.844409	99.6336996336996
30416.844409	99.6336996336996
30426.844409	99.6336996336996
30436.844409	99.6336996336996
30446.844409	99.6336996336996
30456.844409	99.6336996336996
30466.844409	99.6336996336996
30476.844409	99.6336996336996
30486.844409	99.6336996336996
30496.844409	99.6336996336996
30506.844409	99.6336996336996
30516.844409	99.6336996336996
30526.844409	99.6336996336996
30536.844409	99.6336996336996
30546.844409	99.6336996336996
30556.844409	99.6336996336996
30566.844409	99.6336996336996
30576.844409	99.6336996336996
30586.844409	99.6336996336996
30596.844409	99.6336996336996
30606.844409	99.6336996336996
30616.844409	99.6336996336996
30626.844409	99.6336996336996
30636.844409	99.6336996336996
30646.844409	99.6336996336996
30656.844409	99.6336996336996
30666.844409	99.6336996336996
30676.844409	99.6336996336996
30686.844409	99.6336996336996
30696.844409	99.6336996336996
30706.844409	99.6336996336996
30716.844409	99.6336996336996
30726.844409	99.6336996336996
30736.844409	99.6336996336996
30746.844409	99.6336996336996
30756.844409	99.6336996336996
30766.844409	99.6336996336996
30776.844409	99.6336996336996
30786.844409	99.6336996336996
30796.844409	99.6336996336996
30806.844409	99.6336996336996
30816.844409	99.6336996336996
30826.844409	99.6336996336996
30836.844409	99.6336996336996
30846.844409	99.6336996336996
30856.844409	99.6336996336996
30866.844409	99.6336996336996
30876.844409	99.6336996336996
30886.844409	99.6336996336996
30896.844409	99.6336996336996
30906.844409	99.6336996336996
30916.844409	99.6336996336996
30926.844409	99.6336996336996
30936.844409	99.6336996336996
30946.844409	99.6336996336996
30956.844409	99.6336996336996
30966.844409	99.6336996336996
30976.844409	99.6336996336996
30986.844409	99.6336996336996
30996.844409	99.6336996336996
31006.844409	99.6336996336996
31016.844409	99.6336996336996
31026.844409	99.6336996336996
31036.844409	99.6336996336996
31046.844409	99.6336996336996
31056.844409	99.6336996336996
31066.844409	99.6336996336996
31076.844409	99.6336996336996
31086.844409	99.6336996336996
31096.844409	99.6336996336996
31106.844409	99.6336996336996
31116.844409	99.6336996336996
31126.844409	99.6336996336996
31136.844409	99.6336996336996
31146.844409	99.6336996336996
31156.844409	99.6336996336996
31166.844409	99.6336996336996
31176.844409	99.6336996336996
31186.844409	99.6336996336996
31196.844409	99.6336996336996
31206.844409	99.6336996336996
31216.844409	99.6336996336996
31226.844409	99.6336996336996
31236.844409	99.6336996336996
31246.844409	99.6336996336996
31256.844409	99.6336996336996
31266.844409	99.6336996336996
31276.844409	99.6336996336996
31286.844409	99.6336996336996
31296.844409	99.6336996336996
31306.844409	99.6336996336996
31316.844409	99.6336996336996
31326.844409	99.6336996336996
31336.844409	99.6336996336996
31346.844409	99.6336996336996
31356.844409	99.6336996336996
31366.844409	99.6336996336996
31376.844409	99.6336996336996
31386.844409	99.6336996336996
31396.844409	99.6336996336996
31406.844409	99.6336996336996
31416.844409	99.6336996336996
31426.844409	99.6336996336996
31436.844409	99.6336996336996
31446.844409	99.6336996336996
31456.844409	99.6336996336996
31466.844409	99.6336996336996
31476.844409	99.6336996336996
31486.844409	99.6336996336996
31496.844409	99.6336996336996
31506.844409	99.6336996336996
31516.844409	99.6336996336996
31526.844409	99.6336996336996
31536.844409	99.6336996336996
31546.844409	99.6336996336996
31556.844409	99.6336996336996
31566.844409	99.6336996336996
31576.844409	99.6336996336996
31586.844409	99.6336996336996
31596.844409	99.6336996336996
31606.844409	99.6336996336996
31616.844409	99.6336996336996
31626.844409	99.6336996336996
31636.844409	99.6336996336996
31646.844409	99.6336996336996
31656.844409	99.6336996336996
31666.844409	99.6336996336996
31676.844409	99.6336996336996
31686.844409	99.6336996336996
31696.844409	99.6336996336996
31706.844409	99.6336996336996
31716.844409	99.6336996336996
31726.844409	99.6336996336996
31736.844409	99.6336996336996
31746.844409	99.6336996336996
31756.844409	99.6336996336996
31766.844409	99.6336996336996
31776.844409	99.6336996336996
31786.844409	99.6336996336996
31796.844409	99.6336996336996
31806.844409	99.6336996336996
31816.844409	99.6336996336996
31826.844409	99.6336996336996
31836.844409	99.6336996336996
31846.844409	99.6336996336996
31856.844409	99.6336996336996
31866.844409	99.6336996336996
31876.844409	99.6336996336996
31886.844409	99.6336996336996
31896.844409	99.6336996336996
31906.844409	99.6336996336996
31916.844409	99.6336996336996
31926.844409	99.6336996336996
31936.844409	99.6336996336996
31946.844409	99.6336996336996
31956.844409	99.6336996336996
31966.844409	99.6336996336996
31976.844409	99.6336996336996
31986.844409	99.6336996336996
31996.844409	99.6336996336996
32006.844409	99.6336996336996
32016.844409	99.6336996336996
32026.844409	99.6336996336996
32036.844409	99.6336996336996
32046.844409	99.6336996336996
32056.844409	99.6336996336996
32066.844409	99.6336996336996
32076.844409	99.6336996336996
32086.844409	99.6336996336996
32096.844409	99.6336996336996
32106.844409	99.6336996336996
32116.844409	99.6336996336996
32126.844409	99.6336996336996
32136.844409	99.6336996336996
32146.844409	99.6336996336996
32156.844409	99.6336996336996
32166.844409	99.6336996336996
32176.844409	99.6336996336996
32186.844409	99.6336996336996
32196.844409	99.6336996336996
32206.844409	99.6336996336996
32216.844409	99.6336996336996
32226.844409	99.6336996336996
32236.844409	99.6336996336996
32246.844409	99.6336996336996
32256.844409	99.6336996336996
32266.844409	99.6336996336996
32276.844409	99.6336996336996
32286.844409	99.6336996336996
32296.844409	99.6336996336996
32306.844409	99.6336996336996
32316.844409	99.6336996336996
32326.844409	99.6336996336996
32336.844409	99.6336996336996
32346.844409	99.6336996336996
32356.844409	99.6336996336996
32366.844409	99.6336996336996
32376.844409	99.6336996336996
32386.844409	99.6336996336996
32396.844409	99.6336996336996
32406.844409	99.6336996336996
32416.844409	99.6336996336996
32426.844409	99.6336996336996
32436.844409	99.6336996336996
32446.844409	99.6336996336996
32456.844409	99.6336996336996
32466.844409	99.6336996336996
32476.844409	99.6336996336996
32486.844409	99.6336996336996
32496.844409	99.6336996336996
32506.844409	99.6336996336996
32516.844409	99.6336996336996
32526.844409	99.6336996336996
32536.844409	99.6336996336996
32546.844409	99.6336996336996
32556.844409	99.6336996336996
32566.844409	99.6336996336996
32576.844409	99.6336996336996
32586.844409	99.6336996336996
32596.844409	99.6336996336996
32606.844409	99.6336996336996
32616.844409	99.6336996336996
32626.844409	99.6336996336996
32636.844409	99.6336996336996
32646.844409	99.6336996336996
32656.844409	99.6336996336996
32666.844409	99.6336996336996
32676.844409	99.6336996336996
32686.844409	99.6336996336996
32696.844409	99.6336996336996
32706.844409	99.6336996336996
32716.844409	99.6336996336996
32726.844409	99.6336996336996
32736.844409	99.6336996336996
32746.844409	99.6336996336996
32756.844409	99.6336996336996
32766.844409	99.6336996336996
32776.844409	99.6336996336996
32786.844409	99.6336996336996
32796.844409	99.6336996336996
32806.844409	99.6336996336996
32816.844409	99.6336996336996
32826.844409	99.6336996336996
32836.844409	99.6336996336996
32846.844409	99.6336996336996
32856.844409	99.6336996336996
32866.844409	99.6336996336996
32876.844409	99.6336996336996
32886.844409	99.6336996336996
32896.844409	99.6336996336996
32906.844409	99.6336996336996
32916.844409	99.6336996336996
32926.844409	99.6336996336996
32936.844409	99.6336996336996
32946.844409	99.6336996336996
32956.844409	99.6336996336996
32966.844409	99.6336996336996
32976.844409	99.6336996336996
32986.844409	99.6336996336996
32996.844409	99.6336996336996
33006.844409	99.6336996336996
33016.844409	99.6336996336996
33026.844409	99.6336996336996
33036.844409	99.6336996336996
33046.844409	99.6336996336996
33056.844409	100
