678.918881	0.862068965517241
688.918881	1.72413793103448
698.918881	1.72413793103448
708.918881	1.72413793103448
718.918881	1.72413793103448
728.918881	1.72413793103448
738.918881	1.72413793103448
748.918881	1.72413793103448
758.918881	1.72413793103448
768.918881	1.72413793103448
778.918881	1.72413793103448
788.918881	1.72413793103448
798.918881	1.72413793103448
808.918881	1.72413793103448
818.918881	1.72413793103448
828.918881	1.72413793103448
838.918881	1.72413793103448
848.918881	1.72413793103448
858.918881	2.58620689655172
868.918881	2.58620689655172
878.918881	2.58620689655172
888.918881	2.58620689655172
898.918881	2.58620689655172
908.918881	2.58620689655172
918.918881	2.58620689655172
928.918881	2.58620689655172
938.918881	2.58620689655172
948.918881	2.58620689655172
958.918881	2.58620689655172
968.918881	2.58620689655172
978.918881	2.58620689655172
988.918881	3.44827586206897
998.918881	3.44827586206897
1008.918881	3.44827586206897
1018.918881	3.44827586206897
1028.918881	3.44827586206897
1038.918881	3.44827586206897
1048.918881	3.44827586206897
1058.918881	3.44827586206897
1068.918881	3.44827586206897
1078.918881	5.17241379310345
1088.918881	5.17241379310345
1098.918881	5.17241379310345
1108.918881	5.17241379310345
1118.918881	5.17241379310345
1128.918881	5.17241379310345
1138.918881	5.17241379310345
1148.918881	5.17241379310345
1158.918881	5.17241379310345
1168.918881	5.17241379310345
1178.918881	5.17241379310345
1188.918881	5.17241379310345
1198.918881	5.17241379310345
1208.918881	5.17241379310345
1218.918881	5.17241379310345
1228.918881	5.17241379310345
1238.918881	5.17241379310345
1248.918881	5.17241379310345
1258.918881	5.17241379310345
1268.918881	5.17241379310345
1278.918881	5.17241379310345
1288.918881	5.17241379310345
1298.918881	6.03448275862069
1308.918881	6.03448275862069
1318.918881	6.03448275862069
1328.918881	6.03448275862069
1338.918881	6.03448275862069
1348.918881	6.03448275862069
1358.918881	6.03448275862069
1368.918881	6.03448275862069
1378.918881	6.03448275862069
1388.918881	6.03448275862069
1398.918881	6.03448275862069
1408.918881	6.03448275862069
1418.918881	6.03448275862069
1428.918881	6.89655172413793
1438.918881	6.89655172413793
1448.918881	6.89655172413793
1458.918881	6.89655172413793
1468.918881	6.89655172413793
1478.918881	6.89655172413793
1488.918881	6.89655172413793
1498.918881	7.75862068965517
1508.918881	7.75862068965517
1518.918881	7.75862068965517
1528.918881	8.62068965517241
1538.918881	8.62068965517241
1548.918881	8.62068965517241
1558.918881	8.62068965517241
1568.918881	8.62068965517241
1578.918881	8.62068965517241
1588.918881	8.62068965517241
1598.918881	8.62068965517241
1608.918881	8.62068965517241
1618.918881	8.62068965517241
1628.918881	8.62068965517241
1638.918881	8.62068965517241
1648.918881	8.62068965517241
1658.918881	8.62068965517241
1668.918881	8.62068965517241
1678.918881	8.62068965517241
1688.918881	9.48275862068965
1698.918881	10.3448275862069
1708.918881	10.3448275862069
1718.918881	10.3448275862069
1728.918881	11.2068965517241
1738.918881	11.2068965517241
1748.918881	11.2068965517241
1758.918881	11.2068965517241
1768.918881	11.2068965517241
1778.918881	11.2068965517241
1788.918881	11.2068965517241
1798.918881	11.2068965517241
1808.918881	11.2068965517241
1818.918881	11.2068965517241
1828.918881	11.2068965517241
1838.918881	11.2068965517241
1848.918881	11.2068965517241
1858.918881	11.2068965517241
1868.918881	11.2068965517241
1878.918881	11.2068965517241
1888.918881	11.2068965517241
1898.918881	11.2068965517241
1908.918881	11.2068965517241
1918.918881	11.2068965517241
1928.918881	11.2068965517241
1938.918881	11.2068965517241
1948.918881	11.2068965517241
1958.918881	11.2068965517241
1968.918881	11.2068965517241
1978.918881	11.2068965517241
1988.918881	11.2068965517241
1998.918881	11.2068965517241
2008.918881	12.0689655172414
2018.918881	12.0689655172414
2028.918881	12.0689655172414
2038.918881	12.0689655172414
2048.918881	12.0689655172414
2058.918881	12.0689655172414
2068.918881	12.0689655172414
2078.918881	12.0689655172414
2088.918881	12.0689655172414
2098.918881	12.0689655172414
2108.918881	12.0689655172414
2118.918881	12.0689655172414
2128.918881	12.0689655172414
2138.918881	12.0689655172414
2148.918881	12.0689655172414
2158.918881	12.0689655172414
2168.918881	12.0689655172414
2178.918881	12.0689655172414
2188.918881	12.9310344827586
2198.918881	12.9310344827586
2208.918881	12.9310344827586
2218.918881	13.7931034482759
2228.918881	13.7931034482759
2238.918881	13.7931034482759
2248.918881	13.7931034482759
2258.918881	13.7931034482759
2268.918881	13.7931034482759
2278.918881	13.7931034482759
2288.918881	13.7931034482759
2298.918881	13.7931034482759
2308.918881	13.7931034482759
2318.918881	13.7931034482759
2328.918881	13.7931034482759
2338.918881	13.7931034482759
2348.918881	13.7931034482759
2358.918881	13.7931034482759
2368.918881	13.7931034482759
2378.918881	13.7931034482759
2388.918881	13.7931034482759
2398.918881	13.7931034482759
2408.918881	13.7931034482759
2418.918881	13.7931034482759
2428.918881	13.7931034482759
2438.918881	13.7931034482759
2448.918881	13.7931034482759
2458.918881	13.7931034482759
2468.918881	14.6551724137931
2478.918881	14.6551724137931
2488.918881	14.6551724137931
2498.918881	14.6551724137931
2508.918881	14.6551724137931
2518.918881	14.6551724137931
2528.918881	14.6551724137931
2538.918881	14.6551724137931
2548.918881	15.5172413793103
2558.918881	15.5172413793103
2568.918881	16.3793103448276
2578.918881	16.3793103448276
2588.918881	16.3793103448276
2598.918881	16.3793103448276
2608.918881	16.3793103448276
2618.918881	16.3793103448276
2628.918881	16.3793103448276
2638.918881	16.3793103448276
2648.918881	16.3793103448276
2658.918881	16.3793103448276
2668.918881	17.2413793103448
2678.918881	17.2413793103448
2688.918881	17.2413793103448
2698.918881	17.2413793103448
2708.918881	17.2413793103448
2718.918881	17.2413793103448
2728.918881	17.2413793103448
2738.918881	17.2413793103448
2748.918881	17.2413793103448
2758.918881	17.2413793103448
2768.918881	17.2413793103448
2778.918881	17.2413793103448
2788.918881	17.2413793103448
2798.918881	17.2413793103448
2808.918881	18.1034482758621
2818.918881	18.1034482758621
2828.918881	18.1034482758621
2838.918881	18.1034482758621
2848.918881	18.1034482758621
2858.918881	18.9655172413793
2868.918881	18.9655172413793
2878.918881	19.8275862068966
2888.918881	20.6896551724138
2898.918881	20.6896551724138
2908.918881	21.551724137931
2918.918881	21.551724137931
2928.918881	21.551724137931
2938.918881	21.551724137931
2948.918881	21.551724137931
2958.918881	21.551724137931
2968.918881	21.551724137931
2978.918881	21.551724137931
2988.918881	21.551724137931
2998.918881	21.551724137931
3008.918881	21.551724137931
3018.918881	21.551724137931
3028.918881	21.551724137931
3038.918881	22.4137931034483
3048.918881	22.4137931034483
3058.918881	22.4137931034483
3068.918881	23.2758620689655
3078.918881	23.2758620689655
3088.918881	23.2758620689655
3098.918881	23.2758620689655
3108.918881	23.2758620689655
3118.918881	23.2758620689655
3128.918881	23.2758620689655
3138.918881	24.1379310344828
3148.918881	24.1379310344828
3158.918881	24.1379310344828
3168.918881	24.1379310344828
3178.918881	25
3188.918881	25
3198.918881	25
3208.918881	25
3218.918881	25.8620689655172
3228.918881	25.8620689655172
3238.918881	25.8620689655172
3248.918881	25.8620689655172
3258.918881	25.8620689655172
3268.918881	25.8620689655172
3278.918881	25.8620689655172
3288.918881	25.8620689655172
3298.918881	25.8620689655172
3308.918881	25.8620689655172
3318.918881	25.8620689655172
3328.918881	25.8620689655172
3338.918881	25.8620689655172
3348.918881	25.8620689655172
3358.918881	25.8620689655172
3368.918881	25.8620689655172
3378.918881	25.8620689655172
3388.918881	25.8620689655172
3398.918881	25.8620689655172
3408.918881	25.8620689655172
3418.918881	25.8620689655172
3428.918881	25.8620689655172
3438.918881	25.8620689655172
3448.918881	25.8620689655172
3458.918881	25.8620689655172
3468.918881	25.8620689655172
3478.918881	25.8620689655172
3488.918881	25.8620689655172
3498.918881	25.8620689655172
3508.918881	25.8620689655172
3518.918881	26.7241379310345
3528.918881	26.7241379310345
3538.918881	26.7241379310345
3548.918881	26.7241379310345
3558.918881	26.7241379310345
3568.918881	26.7241379310345
3578.918881	26.7241379310345
3588.918881	26.7241379310345
3598.918881	26.7241379310345
3608.918881	26.7241379310345
3618.918881	26.7241379310345
3628.918881	26.7241379310345
3638.918881	26.7241379310345
3648.918881	26.7241379310345
3658.918881	26.7241379310345
3668.918881	26.7241379310345
3678.918881	26.7241379310345
3688.918881	26.7241379310345
3698.918881	26.7241379310345
3708.918881	26.7241379310345
3718.918881	26.7241379310345
3728.918881	27.5862068965517
3738.918881	27.5862068965517
3748.918881	27.5862068965517
3758.918881	27.5862068965517
3768.918881	27.5862068965517
3778.918881	27.5862068965517
3788.918881	27.5862068965517
3798.918881	27.5862068965517
3808.918881	28.448275862069
3818.918881	28.448275862069
3828.918881	28.448275862069
3838.918881	28.448275862069
3848.918881	28.448275862069
3858.918881	28.448275862069
3868.918881	28.448275862069
3878.918881	28.448275862069
3888.918881	28.448275862069
3898.918881	28.448275862069
3908.918881	28.448275862069
3918.918881	28.448275862069
3928.918881	28.448275862069
3938.918881	28.448275862069
3948.918881	28.448275862069
3958.918881	28.448275862069
3968.918881	29.3103448275862
3978.918881	29.3103448275862
3988.918881	29.3103448275862
3998.918881	29.3103448275862
4008.918881	29.3103448275862
4018.918881	29.3103448275862
4028.918881	29.3103448275862
4038.918881	29.3103448275862
4048.918881	29.3103448275862
4058.918881	29.3103448275862
4068.918881	30.1724137931034
4078.918881	30.1724137931034
4088.918881	31.0344827586207
4098.918881	31.0344827586207
4108.918881	31.0344827586207
4118.918881	31.0344827586207
4128.918881	31.0344827586207
4138.918881	32.7586206896552
4148.918881	32.7586206896552
4158.918881	32.7586206896552
4168.918881	32.7586206896552
4178.918881	32.7586206896552
4188.918881	32.7586206896552
4198.918881	32.7586206896552
4208.918881	32.7586206896552
4218.918881	33.6206896551724
4228.918881	33.6206896551724
4238.918881	33.6206896551724
4248.918881	33.6206896551724
4258.918881	33.6206896551724
4268.918881	33.6206896551724
4278.918881	33.6206896551724
4288.918881	33.6206896551724
4298.918881	33.6206896551724
4308.918881	33.6206896551724
4318.918881	33.6206896551724
4328.918881	33.6206896551724
4338.918881	33.6206896551724
4348.918881	33.6206896551724
4358.918881	33.6206896551724
4368.918881	33.6206896551724
4378.918881	33.6206896551724
4388.918881	33.6206896551724
4398.918881	34.4827586206897
4408.918881	35.3448275862069
4418.918881	35.3448275862069
4428.918881	35.3448275862069
4438.918881	35.3448275862069
4448.918881	36.2068965517241
4458.918881	36.2068965517241
4468.918881	36.2068965517241
4478.918881	36.2068965517241
4488.918881	36.2068965517241
4498.918881	36.2068965517241
4508.918881	36.2068965517241
4518.918881	36.2068965517241
4528.918881	36.2068965517241
4538.918881	36.2068965517241
4548.918881	36.2068965517241
4558.918881	36.2068965517241
4568.918881	36.2068965517241
4578.918881	36.2068965517241
4588.918881	36.2068965517241
4598.918881	36.2068965517241
4608.918881	36.2068965517241
4618.918881	36.2068965517241
4628.918881	36.2068965517241
4638.918881	36.2068965517241
4648.918881	36.2068965517241
4658.918881	36.2068965517241
4668.918881	36.2068965517241
4678.918881	36.2068965517241
4688.918881	36.2068965517241
4698.918881	36.2068965517241
4708.918881	36.2068965517241
4718.918881	36.2068965517241
4728.918881	36.2068965517241
4738.918881	37.0689655172414
4748.918881	37.0689655172414
4758.918881	37.0689655172414
4768.918881	37.0689655172414
4778.918881	37.0689655172414
4788.918881	37.0689655172414
4798.918881	37.0689655172414
4808.918881	37.0689655172414
4818.918881	37.0689655172414
4828.918881	37.0689655172414
4838.918881	37.0689655172414
4848.918881	37.0689655172414
4858.918881	37.0689655172414
4868.918881	37.0689655172414
4878.918881	37.0689655172414
4888.918881	37.0689655172414
4898.918881	37.0689655172414
4908.918881	37.0689655172414
4918.918881	37.0689655172414
4928.918881	37.0689655172414
4938.918881	37.0689655172414
4948.918881	37.0689655172414
4958.918881	37.0689655172414
4968.918881	37.0689655172414
4978.918881	37.0689655172414
4988.918881	37.0689655172414
4998.918881	37.0689655172414
5008.918881	37.0689655172414
5018.918881	37.0689655172414
5028.918881	37.0689655172414
5038.918881	37.0689655172414
5048.918881	37.0689655172414
5058.918881	37.0689655172414
5068.918881	37.0689655172414
5078.918881	37.0689655172414
5088.918881	37.0689655172414
5098.918881	37.0689655172414
5108.918881	37.0689655172414
5118.918881	37.0689655172414
5128.918881	37.0689655172414
5138.918881	37.0689655172414
5148.918881	37.0689655172414
5158.918881	37.9310344827586
5168.918881	37.9310344827586
5178.918881	37.9310344827586
5188.918881	37.9310344827586
5198.918881	37.9310344827586
5208.918881	37.9310344827586
5218.918881	37.9310344827586
5228.918881	37.9310344827586
5238.918881	37.9310344827586
5248.918881	38.7931034482759
5258.918881	38.7931034482759
5268.918881	38.7931034482759
5278.918881	38.7931034482759
5288.918881	38.7931034482759
5298.918881	38.7931034482759
5308.918881	38.7931034482759
5318.918881	38.7931034482759
5328.918881	38.7931034482759
5338.918881	38.7931034482759
5348.918881	38.7931034482759
5358.918881	38.7931034482759
5368.918881	38.7931034482759
5378.918881	38.7931034482759
5388.918881	38.7931034482759
5398.918881	38.7931034482759
5408.918881	38.7931034482759
5418.918881	38.7931034482759
5428.918881	38.7931034482759
5438.918881	38.7931034482759
5448.918881	38.7931034482759
5458.918881	38.7931034482759
5468.918881	38.7931034482759
5478.918881	38.7931034482759
5488.918881	38.7931034482759
5498.918881	38.7931034482759
5508.918881	38.7931034482759
5518.918881	38.7931034482759
5528.918881	38.7931034482759
5538.918881	38.7931034482759
5548.918881	38.7931034482759
5558.918881	38.7931034482759
5568.918881	38.7931034482759
5578.918881	39.6551724137931
5588.918881	39.6551724137931
5598.918881	39.6551724137931
5608.918881	39.6551724137931
5618.918881	39.6551724137931
5628.918881	39.6551724137931
5638.918881	39.6551724137931
5648.918881	39.6551724137931
5658.918881	39.6551724137931
5668.918881	39.6551724137931
5678.918881	39.6551724137931
5688.918881	39.6551724137931
5698.918881	39.6551724137931
5708.918881	39.6551724137931
5718.918881	39.6551724137931
5728.918881	39.6551724137931
5738.918881	39.6551724137931
5748.918881	39.6551724137931
5758.918881	39.6551724137931
5768.918881	40.5172413793103
5778.918881	40.5172413793103
5788.918881	40.5172413793103
5798.918881	40.5172413793103
5808.918881	40.5172413793103
5818.918881	40.5172413793103
5828.918881	40.5172413793103
5838.918881	40.5172413793103
5848.918881	40.5172413793103
5858.918881	40.5172413793103
5868.918881	40.5172413793103
5878.918881	40.5172413793103
5888.918881	40.5172413793103
5898.918881	40.5172413793103
5908.918881	40.5172413793103
5918.918881	41.3793103448276
5928.918881	41.3793103448276
5938.918881	41.3793103448276
5948.918881	41.3793103448276
5958.918881	41.3793103448276
5968.918881	41.3793103448276
5978.918881	41.3793103448276
5988.918881	41.3793103448276
5998.918881	41.3793103448276
6008.918881	41.3793103448276
6018.918881	41.3793103448276
6028.918881	41.3793103448276
6038.918881	41.3793103448276
6048.918881	41.3793103448276
6058.918881	41.3793103448276
6068.918881	41.3793103448276
6078.918881	41.3793103448276
6088.918881	41.3793103448276
6098.918881	41.3793103448276
6108.918881	41.3793103448276
6118.918881	41.3793103448276
6128.918881	41.3793103448276
6138.918881	41.3793103448276
6148.918881	41.3793103448276
6158.918881	41.3793103448276
6168.918881	41.3793103448276
6178.918881	41.3793103448276
6188.918881	42.2413793103448
6198.918881	42.2413793103448
6208.918881	43.1034482758621
6218.918881	43.1034482758621
6228.918881	43.1034482758621
6238.918881	43.1034482758621
6248.918881	43.1034482758621
6258.918881	43.1034482758621
6268.918881	43.1034482758621
6278.918881	43.1034482758621
6288.918881	43.1034482758621
6298.918881	43.1034482758621
6308.918881	43.1034482758621
6318.918881	43.1034482758621
6328.918881	43.1034482758621
6338.918881	43.9655172413793
6348.918881	43.9655172413793
6358.918881	43.9655172413793
6368.918881	44.8275862068966
6378.918881	44.8275862068966
6388.918881	44.8275862068966
6398.918881	44.8275862068966
6408.918881	44.8275862068966
6418.918881	44.8275862068966
6428.918881	44.8275862068966
6438.918881	44.8275862068966
6448.918881	44.8275862068966
6458.918881	44.8275862068966
6468.918881	44.8275862068966
6478.918881	45.6896551724138
6488.918881	45.6896551724138
6498.918881	45.6896551724138
6508.918881	45.6896551724138
6518.918881	45.6896551724138
6528.918881	45.6896551724138
6538.918881	45.6896551724138
6548.918881	45.6896551724138
6558.918881	45.6896551724138
6568.918881	45.6896551724138
6578.918881	45.6896551724138
6588.918881	45.6896551724138
6598.918881	45.6896551724138
6608.918881	45.6896551724138
6618.918881	45.6896551724138
6628.918881	45.6896551724138
6638.918881	46.551724137931
6648.918881	48.2758620689655
6658.918881	48.2758620689655
6668.918881	48.2758620689655
6678.918881	48.2758620689655
6688.918881	48.2758620689655
6698.918881	48.2758620689655
6708.918881	48.2758620689655
6718.918881	48.2758620689655
6728.918881	48.2758620689655
6738.918881	48.2758620689655
6748.918881	48.2758620689655
6758.918881	48.2758620689655
6768.918881	48.2758620689655
6778.918881	48.2758620689655
6788.918881	48.2758620689655
6798.918881	48.2758620689655
6808.918881	48.2758620689655
6818.918881	48.2758620689655
6828.918881	48.2758620689655
6838.918881	48.2758620689655
6848.918881	48.2758620689655
6858.918881	48.2758620689655
6868.918881	48.2758620689655
6878.918881	48.2758620689655
6888.918881	48.2758620689655
6898.918881	48.2758620689655
6908.918881	49.1379310344828
6918.918881	49.1379310344828
6928.918881	49.1379310344828
6938.918881	49.1379310344828
6948.918881	49.1379310344828
6958.918881	50
6968.918881	50
6978.918881	50
6988.918881	50.8620689655172
6998.918881	50.8620689655172
7008.918881	50.8620689655172
7018.918881	50.8620689655172
7028.918881	50.8620689655172
7038.918881	50.8620689655172
7048.918881	50.8620689655172
7058.918881	50.8620689655172
7068.918881	50.8620689655172
7078.918881	50.8620689655172
7088.918881	50.8620689655172
7098.918881	50.8620689655172
7108.918881	50.8620689655172
7118.918881	50.8620689655172
7128.918881	50.8620689655172
7138.918881	50.8620689655172
7148.918881	50.8620689655172
7158.918881	51.7241379310345
7168.918881	51.7241379310345
7178.918881	51.7241379310345
7188.918881	51.7241379310345
7198.918881	51.7241379310345
7208.918881	51.7241379310345
7218.918881	51.7241379310345
7228.918881	51.7241379310345
7238.918881	51.7241379310345
7248.918881	51.7241379310345
7258.918881	51.7241379310345
7268.918881	51.7241379310345
7278.918881	52.5862068965517
7288.918881	52.5862068965517
7298.918881	52.5862068965517
7308.918881	52.5862068965517
7318.918881	52.5862068965517
7328.918881	52.5862068965517
7338.918881	52.5862068965517
7348.918881	52.5862068965517
7358.918881	52.5862068965517
7368.918881	52.5862068965517
7378.918881	52.5862068965517
7388.918881	53.448275862069
7398.918881	53.448275862069
7408.918881	53.448275862069
7418.918881	53.448275862069
7428.918881	54.3103448275862
7438.918881	54.3103448275862
7448.918881	54.3103448275862
7458.918881	54.3103448275862
7468.918881	54.3103448275862
7478.918881	54.3103448275862
7488.918881	54.3103448275862
7498.918881	54.3103448275862
7508.918881	54.3103448275862
7518.918881	54.3103448275862
7528.918881	54.3103448275862
7538.918881	54.3103448275862
7548.918881	54.3103448275862
7558.918881	54.3103448275862
7568.918881	54.3103448275862
7578.918881	54.3103448275862
7588.918881	54.3103448275862
7598.918881	54.3103448275862
7608.918881	54.3103448275862
7618.918881	54.3103448275862
7628.918881	54.3103448275862
7638.918881	54.3103448275862
7648.918881	54.3103448275862
7658.918881	54.3103448275862
7668.918881	54.3103448275862
7678.918881	54.3103448275862
7688.918881	54.3103448275862
7698.918881	54.3103448275862
7708.918881	54.3103448275862
7718.918881	55.1724137931034
7728.918881	55.1724137931034
7738.918881	55.1724137931034
7748.918881	55.1724137931034
7758.918881	55.1724137931034
7768.918881	55.1724137931034
7778.918881	55.1724137931034
7788.918881	55.1724137931034
7798.918881	55.1724137931034
7808.918881	55.1724137931034
7818.918881	55.1724137931034
7828.918881	55.1724137931034
7838.918881	55.1724137931034
7848.918881	55.1724137931034
7858.918881	55.1724137931034
7868.918881	55.1724137931034
7878.918881	55.1724137931034
7888.918881	55.1724137931034
7898.918881	55.1724137931034
7908.918881	55.1724137931034
7918.918881	55.1724137931034
7928.918881	55.1724137931034
7938.918881	55.1724137931034
7948.918881	55.1724137931034
7958.918881	55.1724137931034
7968.918881	55.1724137931034
7978.918881	55.1724137931034
7988.918881	55.1724137931034
7998.918881	55.1724137931034
8008.918881	55.1724137931034
8018.918881	55.1724137931034
8028.918881	55.1724137931034
8038.918881	55.1724137931034
8048.918881	55.1724137931034
8058.918881	55.1724137931034
8068.918881	55.1724137931034
8078.918881	55.1724137931034
8088.918881	55.1724137931034
8098.918881	56.0344827586207
8108.918881	56.0344827586207
8118.918881	56.0344827586207
8128.918881	56.0344827586207
8138.918881	56.0344827586207
8148.918881	56.0344827586207
8158.918881	56.0344827586207
8168.918881	56.0344827586207
8178.918881	56.0344827586207
8188.918881	56.0344827586207
8198.918881	56.0344827586207
8208.918881	56.0344827586207
8218.918881	56.0344827586207
8228.918881	56.0344827586207
8238.918881	56.0344827586207
8248.918881	56.0344827586207
8258.918881	56.0344827586207
8268.918881	56.0344827586207
8278.918881	56.0344827586207
8288.918881	56.0344827586207
8298.918881	56.0344827586207
8308.918881	56.0344827586207
8318.918881	56.0344827586207
8328.918881	56.0344827586207
8338.918881	56.0344827586207
8348.918881	56.0344827586207
8358.918881	56.0344827586207
8368.918881	56.0344827586207
8378.918881	56.0344827586207
8388.918881	56.0344827586207
8398.918881	56.0344827586207
8408.918881	56.0344827586207
8418.918881	56.0344827586207
8428.918881	56.0344827586207
8438.918881	56.8965517241379
8448.918881	56.8965517241379
8458.918881	56.8965517241379
8468.918881	56.8965517241379
8478.918881	56.8965517241379
8488.918881	57.7586206896552
8498.918881	57.7586206896552
8508.918881	57.7586206896552
8518.918881	57.7586206896552
8528.918881	57.7586206896552
8538.918881	57.7586206896552
8548.918881	57.7586206896552
8558.918881	57.7586206896552
8568.918881	57.7586206896552
8578.918881	57.7586206896552
8588.918881	57.7586206896552
8598.918881	57.7586206896552
8608.918881	57.7586206896552
8618.918881	57.7586206896552
8628.918881	57.7586206896552
8638.918881	57.7586206896552
8648.918881	57.7586206896552
8658.918881	57.7586206896552
8668.918881	57.7586206896552
8678.918881	57.7586206896552
8688.918881	57.7586206896552
8698.918881	57.7586206896552
8708.918881	57.7586206896552
8718.918881	57.7586206896552
8728.918881	57.7586206896552
8738.918881	57.7586206896552
8748.918881	57.7586206896552
8758.918881	57.7586206896552
8768.918881	57.7586206896552
8778.918881	57.7586206896552
8788.918881	57.7586206896552
8798.918881	57.7586206896552
8808.918881	57.7586206896552
8818.918881	57.7586206896552
8828.918881	57.7586206896552
8838.918881	57.7586206896552
8848.918881	57.7586206896552
8858.918881	57.7586206896552
8868.918881	58.6206896551724
8878.918881	58.6206896551724
8888.918881	58.6206896551724
8898.918881	58.6206896551724
8908.918881	58.6206896551724
8918.918881	58.6206896551724
8928.918881	58.6206896551724
8938.918881	58.6206896551724
8948.918881	58.6206896551724
8958.918881	58.6206896551724
8968.918881	58.6206896551724
8978.918881	58.6206896551724
8988.918881	58.6206896551724
8998.918881	58.6206896551724
9008.918881	58.6206896551724
9018.918881	58.6206896551724
9028.918881	58.6206896551724
9038.918881	58.6206896551724
9048.918881	58.6206896551724
9058.918881	58.6206896551724
9068.918881	58.6206896551724
9078.918881	58.6206896551724
9088.918881	58.6206896551724
9098.918881	58.6206896551724
9108.918881	58.6206896551724
9118.918881	58.6206896551724
9128.918881	58.6206896551724
9138.918881	58.6206896551724
9148.918881	58.6206896551724
9158.918881	59.4827586206897
9168.918881	59.4827586206897
9178.918881	59.4827586206897
9188.918881	59.4827586206897
9198.918881	59.4827586206897
9208.918881	59.4827586206897
9218.918881	59.4827586206897
9228.918881	59.4827586206897
9238.918881	59.4827586206897
9248.918881	59.4827586206897
9258.918881	59.4827586206897
9268.918881	59.4827586206897
9278.918881	59.4827586206897
9288.918881	59.4827586206897
9298.918881	59.4827586206897
9308.918881	59.4827586206897
9318.918881	59.4827586206897
9328.918881	59.4827586206897
9338.918881	59.4827586206897
9348.918881	60.3448275862069
9358.918881	60.3448275862069
9368.918881	60.3448275862069
9378.918881	60.3448275862069
9388.918881	60.3448275862069
9398.918881	60.3448275862069
9408.918881	60.3448275862069
9418.918881	60.3448275862069
9428.918881	61.2068965517241
9438.918881	61.2068965517241
9448.918881	61.2068965517241
9458.918881	61.2068965517241
9468.918881	61.2068965517241
9478.918881	62.0689655172414
9488.918881	62.0689655172414
9498.918881	62.0689655172414
9508.918881	62.0689655172414
9518.918881	62.0689655172414
9528.918881	62.0689655172414
9538.918881	62.0689655172414
9548.918881	62.0689655172414
9558.918881	62.0689655172414
9568.918881	62.0689655172414
9578.918881	62.0689655172414
9588.918881	62.0689655172414
9598.918881	62.0689655172414
9608.918881	62.0689655172414
9618.918881	62.0689655172414
9628.918881	62.0689655172414
9638.918881	62.0689655172414
9648.918881	62.0689655172414
9658.918881	62.0689655172414
9668.918881	62.0689655172414
9678.918881	62.0689655172414
9688.918881	62.0689655172414
9698.918881	62.9310344827586
9708.918881	62.9310344827586
9718.918881	62.9310344827586
9728.918881	62.9310344827586
9738.918881	62.9310344827586
9748.918881	62.9310344827586
9758.918881	62.9310344827586
9768.918881	62.9310344827586
9778.918881	63.7931034482759
9788.918881	63.7931034482759
9798.918881	63.7931034482759
9808.918881	63.7931034482759
9818.918881	63.7931034482759
9828.918881	63.7931034482759
9838.918881	63.7931034482759
9848.918881	63.7931034482759
9858.918881	63.7931034482759
9868.918881	63.7931034482759
9878.918881	63.7931034482759
9888.918881	63.7931034482759
9898.918881	63.7931034482759
9908.918881	63.7931034482759
9918.918881	63.7931034482759
9928.918881	63.7931034482759
9938.918881	63.7931034482759
9948.918881	63.7931034482759
9958.918881	63.7931034482759
9968.918881	63.7931034482759
9978.918881	63.7931034482759
9988.918881	63.7931034482759
9998.918881	63.7931034482759
10008.918881	64.6551724137931
10018.918881	64.6551724137931
10028.918881	64.6551724137931
10038.918881	64.6551724137931
10048.918881	64.6551724137931
10058.918881	64.6551724137931
10068.918881	64.6551724137931
10078.918881	64.6551724137931
10088.918881	64.6551724137931
10098.918881	64.6551724137931
10108.918881	64.6551724137931
10118.918881	64.6551724137931
10128.918881	64.6551724137931
10138.918881	64.6551724137931
10148.918881	65.5172413793103
10158.918881	65.5172413793103
10168.918881	65.5172413793103
10178.918881	65.5172413793103
10188.918881	65.5172413793103
10198.918881	65.5172413793103
10208.918881	65.5172413793103
10218.918881	65.5172413793103
10228.918881	65.5172413793103
10238.918881	65.5172413793103
10248.918881	65.5172413793103
10258.918881	65.5172413793103
10268.918881	65.5172413793103
10278.918881	65.5172413793103
10288.918881	65.5172413793103
10298.918881	65.5172413793103
10308.918881	65.5172413793103
10318.918881	65.5172413793103
10328.918881	65.5172413793103
10338.918881	65.5172413793103
10348.918881	65.5172413793103
10358.918881	65.5172413793103
10368.918881	66.3793103448276
10378.918881	66.3793103448276
10388.918881	66.3793103448276
10398.918881	67.2413793103448
10408.918881	67.2413793103448
10418.918881	68.1034482758621
10428.918881	68.1034482758621
10438.918881	68.1034482758621
10448.918881	68.1034482758621
10458.918881	68.1034482758621
10468.918881	68.1034482758621
10478.918881	68.1034482758621
10488.918881	68.1034482758621
10498.918881	68.1034482758621
10508.918881	68.1034482758621
10518.918881	68.1034482758621
10528.918881	68.1034482758621
10538.918881	68.1034482758621
10548.918881	68.1034482758621
10558.918881	68.1034482758621
10568.918881	68.1034482758621
10578.918881	68.1034482758621
10588.918881	68.1034482758621
10598.918881	68.1034482758621
10608.918881	68.1034482758621
10618.918881	68.1034482758621
10628.918881	68.1034482758621
10638.918881	68.1034482758621
10648.918881	68.1034482758621
10658.918881	68.1034482758621
10668.918881	68.1034482758621
10678.918881	68.1034482758621
10688.918881	68.1034482758621
10698.918881	68.1034482758621
10708.918881	68.1034482758621
10718.918881	68.1034482758621
10728.918881	68.1034482758621
10738.918881	68.1034482758621
10748.918881	68.1034482758621
10758.918881	68.1034482758621
10768.918881	68.1034482758621
10778.918881	68.1034482758621
10788.918881	68.1034482758621
10798.918881	68.1034482758621
10808.918881	68.1034482758621
10818.918881	68.1034482758621
10828.918881	68.1034482758621
10838.918881	68.1034482758621
10848.918881	68.1034482758621
10858.918881	68.1034482758621
10868.918881	68.9655172413793
10878.918881	68.9655172413793
10888.918881	68.9655172413793
10898.918881	68.9655172413793
10908.918881	68.9655172413793
10918.918881	68.9655172413793
10928.918881	68.9655172413793
10938.918881	68.9655172413793
10948.918881	68.9655172413793
10958.918881	68.9655172413793
10968.918881	68.9655172413793
10978.918881	68.9655172413793
10988.918881	68.9655172413793
10998.918881	69.8275862068966
11008.918881	69.8275862068966
11018.918881	69.8275862068966
11028.918881	69.8275862068966
11038.918881	69.8275862068966
11048.918881	69.8275862068966
11058.918881	69.8275862068966
11068.918881	69.8275862068966
11078.918881	69.8275862068966
11088.918881	69.8275862068966
11098.918881	69.8275862068966
11108.918881	69.8275862068966
11118.918881	69.8275862068966
11128.918881	69.8275862068966
11138.918881	69.8275862068966
11148.918881	69.8275862068966
11158.918881	69.8275862068966
11168.918881	69.8275862068966
11178.918881	70.6896551724138
11188.918881	70.6896551724138
11198.918881	70.6896551724138
11208.918881	70.6896551724138
11218.918881	70.6896551724138
11228.918881	70.6896551724138
11238.918881	70.6896551724138
11248.918881	70.6896551724138
11258.918881	70.6896551724138
11268.918881	70.6896551724138
11278.918881	70.6896551724138
11288.918881	70.6896551724138
11298.918881	70.6896551724138
11308.918881	70.6896551724138
11318.918881	70.6896551724138
11328.918881	70.6896551724138
11338.918881	70.6896551724138
11348.918881	70.6896551724138
11358.918881	70.6896551724138
11368.918881	70.6896551724138
11378.918881	70.6896551724138
11388.918881	70.6896551724138
11398.918881	70.6896551724138
11408.918881	70.6896551724138
11418.918881	70.6896551724138
11428.918881	70.6896551724138
11438.918881	70.6896551724138
11448.918881	70.6896551724138
11458.918881	70.6896551724138
11468.918881	70.6896551724138
11478.918881	70.6896551724138
11488.918881	70.6896551724138
11498.918881	70.6896551724138
11508.918881	70.6896551724138
11518.918881	70.6896551724138
11528.918881	70.6896551724138
11538.918881	70.6896551724138
11548.918881	70.6896551724138
11558.918881	70.6896551724138
11568.918881	70.6896551724138
11578.918881	70.6896551724138
11588.918881	70.6896551724138
11598.918881	70.6896551724138
11608.918881	70.6896551724138
11618.918881	70.6896551724138
11628.918881	70.6896551724138
11638.918881	70.6896551724138
11648.918881	70.6896551724138
11658.918881	70.6896551724138
11668.918881	70.6896551724138
11678.918881	70.6896551724138
11688.918881	70.6896551724138
11698.918881	70.6896551724138
11708.918881	70.6896551724138
11718.918881	71.551724137931
11728.918881	72.4137931034483
11738.918881	72.4137931034483
11748.918881	72.4137931034483
11758.918881	72.4137931034483
11768.918881	72.4137931034483
11778.918881	72.4137931034483
11788.918881	72.4137931034483
11798.918881	72.4137931034483
11808.918881	72.4137931034483
11818.918881	72.4137931034483
11828.918881	72.4137931034483
11838.918881	72.4137931034483
11848.918881	72.4137931034483
11858.918881	72.4137931034483
11868.918881	72.4137931034483
11878.918881	72.4137931034483
11888.918881	72.4137931034483
11898.918881	72.4137931034483
11908.918881	72.4137931034483
11918.918881	72.4137931034483
11928.918881	72.4137931034483
11938.918881	72.4137931034483
11948.918881	72.4137931034483
11958.918881	72.4137931034483
11968.918881	73.2758620689655
11978.918881	73.2758620689655
11988.918881	73.2758620689655
11998.918881	73.2758620689655
12008.918881	73.2758620689655
12018.918881	73.2758620689655
12028.918881	73.2758620689655
12038.918881	73.2758620689655
12048.918881	73.2758620689655
12058.918881	73.2758620689655
12068.918881	73.2758620689655
12078.918881	73.2758620689655
12088.918881	73.2758620689655
12098.918881	73.2758620689655
12108.918881	73.2758620689655
12118.918881	73.2758620689655
12128.918881	73.2758620689655
12138.918881	73.2758620689655
12148.918881	73.2758620689655
12158.918881	73.2758620689655
12168.918881	74.1379310344828
12178.918881	74.1379310344828
12188.918881	74.1379310344828
12198.918881	74.1379310344828
12208.918881	74.1379310344828
12218.918881	74.1379310344828
12228.918881	74.1379310344828
12238.918881	74.1379310344828
12248.918881	74.1379310344828
12258.918881	74.1379310344828
12268.918881	74.1379310344828
12278.918881	74.1379310344828
12288.918881	74.1379310344828
12298.918881	74.1379310344828
12308.918881	74.1379310344828
12318.918881	74.1379310344828
12328.918881	74.1379310344828
12338.918881	74.1379310344828
12348.918881	74.1379310344828
12358.918881	74.1379310344828
12368.918881	74.1379310344828
12378.918881	74.1379310344828
12388.918881	74.1379310344828
12398.918881	74.1379310344828
12408.918881	74.1379310344828
12418.918881	75
12428.918881	75
12438.918881	75
12448.918881	75
12458.918881	75
12468.918881	75
12478.918881	75
12488.918881	75
12498.918881	75
12508.918881	75
12518.918881	75
12528.918881	75
12538.918881	75
12548.918881	75
12558.918881	75
12568.918881	75
12578.918881	75
12588.918881	75
12598.918881	75
12608.918881	75
12618.918881	75
12628.918881	75
12638.918881	75
12648.918881	75
12658.918881	75
12668.918881	75
12678.918881	75
12688.918881	75
12698.918881	75
12708.918881	75
12718.918881	75
12728.918881	75
12738.918881	75
12748.918881	75
12758.918881	75
12768.918881	75
12778.918881	75
12788.918881	75
12798.918881	75
12808.918881	75
12818.918881	75
12828.918881	75
12838.918881	75
12848.918881	75
12858.918881	75
12868.918881	75
12878.918881	75
12888.918881	75
12898.918881	75
12908.918881	75
12918.918881	75
12928.918881	75
12938.918881	75
12948.918881	75
12958.918881	75
12968.918881	75
12978.918881	75
12988.918881	75
12998.918881	75
13008.918881	75
13018.918881	75
13028.918881	75
13038.918881	75
13048.918881	75
13058.918881	75
13068.918881	75
13078.918881	75
13088.918881	75
13098.918881	75
13108.918881	75
13118.918881	75
13128.918881	75
13138.918881	75
13148.918881	75
13158.918881	75
13168.918881	75
13178.918881	75
13188.918881	75
13198.918881	75
13208.918881	75
13218.918881	75
13228.918881	75
13238.918881	75
13248.918881	75
13258.918881	75
13268.918881	75
13278.918881	75
13288.918881	75
13298.918881	75
13308.918881	75
13318.918881	75
13328.918881	75
13338.918881	75
13348.918881	75
13358.918881	75
13368.918881	75.8620689655172
13378.918881	75.8620689655172
13388.918881	75.8620689655172
13398.918881	75.8620689655172
13408.918881	75.8620689655172
13418.918881	75.8620689655172
13428.918881	75.8620689655172
13438.918881	75.8620689655172
13448.918881	75.8620689655172
13458.918881	75.8620689655172
13468.918881	75.8620689655172
13478.918881	75.8620689655172
13488.918881	75.8620689655172
13498.918881	75.8620689655172
13508.918881	75.8620689655172
13518.918881	75.8620689655172
13528.918881	75.8620689655172
13538.918881	75.8620689655172
13548.918881	75.8620689655172
13558.918881	75.8620689655172
13568.918881	75.8620689655172
13578.918881	75.8620689655172
13588.918881	75.8620689655172
13598.918881	75.8620689655172
13608.918881	75.8620689655172
13618.918881	75.8620689655172
13628.918881	75.8620689655172
13638.918881	75.8620689655172
13648.918881	75.8620689655172
13658.918881	75.8620689655172
13668.918881	75.8620689655172
13678.918881	75.8620689655172
13688.918881	75.8620689655172
13698.918881	75.8620689655172
13708.918881	75.8620689655172
13718.918881	75.8620689655172
13728.918881	75.8620689655172
13738.918881	75.8620689655172
13748.918881	75.8620689655172
13758.918881	75.8620689655172
13768.918881	75.8620689655172
13778.918881	75.8620689655172
13788.918881	75.8620689655172
13798.918881	75.8620689655172
13808.918881	75.8620689655172
13818.918881	75.8620689655172
13828.918881	75.8620689655172
13838.918881	75.8620689655172
13848.918881	75.8620689655172
13858.918881	75.8620689655172
13868.918881	75.8620689655172
13878.918881	75.8620689655172
13888.918881	75.8620689655172
13898.918881	75.8620689655172
13908.918881	75.8620689655172
13918.918881	75.8620689655172
13928.918881	75.8620689655172
13938.918881	75.8620689655172
13948.918881	75.8620689655172
13958.918881	75.8620689655172
13968.918881	75.8620689655172
13978.918881	75.8620689655172
13988.918881	75.8620689655172
13998.918881	75.8620689655172
14008.918881	75.8620689655172
14018.918881	75.8620689655172
14028.918881	75.8620689655172
14038.918881	75.8620689655172
14048.918881	75.8620689655172
14058.918881	75.8620689655172
14068.918881	75.8620689655172
14078.918881	75.8620689655172
14088.918881	75.8620689655172
14098.918881	75.8620689655172
14108.918881	75.8620689655172
14118.918881	76.7241379310345
14128.918881	76.7241379310345
14138.918881	76.7241379310345
14148.918881	76.7241379310345
14158.918881	76.7241379310345
14168.918881	76.7241379310345
14178.918881	76.7241379310345
14188.918881	76.7241379310345
14198.918881	76.7241379310345
14208.918881	76.7241379310345
14218.918881	76.7241379310345
14228.918881	76.7241379310345
14238.918881	76.7241379310345
14248.918881	76.7241379310345
14258.918881	76.7241379310345
14268.918881	76.7241379310345
14278.918881	76.7241379310345
14288.918881	76.7241379310345
14298.918881	76.7241379310345
14308.918881	76.7241379310345
14318.918881	76.7241379310345
14328.918881	76.7241379310345
14338.918881	76.7241379310345
14348.918881	76.7241379310345
14358.918881	76.7241379310345
14368.918881	76.7241379310345
14378.918881	76.7241379310345
14388.918881	76.7241379310345
14398.918881	76.7241379310345
14408.918881	76.7241379310345
14418.918881	76.7241379310345
14428.918881	76.7241379310345
14438.918881	76.7241379310345
14448.918881	76.7241379310345
14458.918881	76.7241379310345
14468.918881	76.7241379310345
14478.918881	76.7241379310345
14488.918881	76.7241379310345
14498.918881	76.7241379310345
14508.918881	76.7241379310345
14518.918881	76.7241379310345
14528.918881	76.7241379310345
14538.918881	76.7241379310345
14548.918881	76.7241379310345
14558.918881	76.7241379310345
14568.918881	76.7241379310345
14578.918881	76.7241379310345
14588.918881	76.7241379310345
14598.918881	76.7241379310345
14608.918881	76.7241379310345
14618.918881	76.7241379310345
14628.918881	76.7241379310345
14638.918881	76.7241379310345
14648.918881	76.7241379310345
14658.918881	76.7241379310345
14668.918881	76.7241379310345
14678.918881	76.7241379310345
14688.918881	76.7241379310345
14698.918881	76.7241379310345
14708.918881	76.7241379310345
14718.918881	76.7241379310345
14728.918881	76.7241379310345
14738.918881	76.7241379310345
14748.918881	76.7241379310345
14758.918881	76.7241379310345
14768.918881	76.7241379310345
14778.918881	76.7241379310345
14788.918881	76.7241379310345
14798.918881	76.7241379310345
14808.918881	76.7241379310345
14818.918881	76.7241379310345
14828.918881	76.7241379310345
14838.918881	76.7241379310345
14848.918881	76.7241379310345
14858.918881	76.7241379310345
14868.918881	76.7241379310345
14878.918881	76.7241379310345
14888.918881	76.7241379310345
14898.918881	76.7241379310345
14908.918881	76.7241379310345
14918.918881	76.7241379310345
14928.918881	76.7241379310345
14938.918881	76.7241379310345
14948.918881	76.7241379310345
14958.918881	76.7241379310345
14968.918881	76.7241379310345
14978.918881	77.5862068965517
14988.918881	77.5862068965517
14998.918881	77.5862068965517
15008.918881	77.5862068965517
15018.918881	77.5862068965517
15028.918881	77.5862068965517
15038.918881	77.5862068965517
15048.918881	77.5862068965517
15058.918881	77.5862068965517
15068.918881	77.5862068965517
15078.918881	77.5862068965517
15088.918881	77.5862068965517
15098.918881	77.5862068965517
15108.918881	77.5862068965517
15118.918881	77.5862068965517
15128.918881	77.5862068965517
15138.918881	77.5862068965517
15148.918881	77.5862068965517
15158.918881	77.5862068965517
15168.918881	77.5862068965517
15178.918881	77.5862068965517
15188.918881	77.5862068965517
15198.918881	77.5862068965517
15208.918881	77.5862068965517
15218.918881	77.5862068965517
15228.918881	77.5862068965517
15238.918881	77.5862068965517
15248.918881	77.5862068965517
15258.918881	77.5862068965517
15268.918881	77.5862068965517
15278.918881	77.5862068965517
15288.918881	77.5862068965517
15298.918881	77.5862068965517
15308.918881	77.5862068965517
15318.918881	77.5862068965517
15328.918881	77.5862068965517
15338.918881	77.5862068965517
15348.918881	77.5862068965517
15358.918881	77.5862068965517
15368.918881	77.5862068965517
15378.918881	77.5862068965517
15388.918881	77.5862068965517
15398.918881	77.5862068965517
15408.918881	77.5862068965517
15418.918881	77.5862068965517
15428.918881	77.5862068965517
15438.918881	77.5862068965517
15448.918881	77.5862068965517
15458.918881	77.5862068965517
15468.918881	77.5862068965517
15478.918881	77.5862068965517
15488.918881	77.5862068965517
15498.918881	77.5862068965517
15508.918881	77.5862068965517
15518.918881	77.5862068965517
15528.918881	77.5862068965517
15538.918881	77.5862068965517
15548.918881	77.5862068965517
15558.918881	77.5862068965517
15568.918881	77.5862068965517
15578.918881	77.5862068965517
15588.918881	77.5862068965517
15598.918881	77.5862068965517
15608.918881	77.5862068965517
15618.918881	77.5862068965517
15628.918881	77.5862068965517
15638.918881	77.5862068965517
15648.918881	77.5862068965517
15658.918881	77.5862068965517
15668.918881	77.5862068965517
15678.918881	77.5862068965517
15688.918881	77.5862068965517
15698.918881	77.5862068965517
15708.918881	77.5862068965517
15718.918881	77.5862068965517
15728.918881	77.5862068965517
15738.918881	77.5862068965517
15748.918881	77.5862068965517
15758.918881	77.5862068965517
15768.918881	77.5862068965517
15778.918881	77.5862068965517
15788.918881	77.5862068965517
15798.918881	77.5862068965517
15808.918881	77.5862068965517
15818.918881	77.5862068965517
15828.918881	77.5862068965517
15838.918881	77.5862068965517
15848.918881	77.5862068965517
15858.918881	77.5862068965517
15868.918881	77.5862068965517
15878.918881	77.5862068965517
15888.918881	77.5862068965517
15898.918881	77.5862068965517
15908.918881	77.5862068965517
15918.918881	77.5862068965517
15928.918881	77.5862068965517
15938.918881	77.5862068965517
15948.918881	77.5862068965517
15958.918881	77.5862068965517
15968.918881	78.448275862069
15978.918881	78.448275862069
15988.918881	78.448275862069
15998.918881	78.448275862069
16008.918881	78.448275862069
16018.918881	78.448275862069
16028.918881	78.448275862069
16038.918881	78.448275862069
16048.918881	78.448275862069
16058.918881	80.1724137931034
16068.918881	80.1724137931034
16078.918881	80.1724137931034
16088.918881	80.1724137931034
16098.918881	80.1724137931034
16108.918881	80.1724137931034
16118.918881	80.1724137931034
16128.918881	81.0344827586207
16138.918881	81.0344827586207
16148.918881	81.0344827586207
16158.918881	81.0344827586207
16168.918881	81.0344827586207
16178.918881	81.0344827586207
16188.918881	81.0344827586207
16198.918881	81.0344827586207
16208.918881	81.0344827586207
16218.918881	81.0344827586207
16228.918881	81.0344827586207
16238.918881	81.0344827586207
16248.918881	81.0344827586207
16258.918881	81.0344827586207
16268.918881	81.0344827586207
16278.918881	81.0344827586207
16288.918881	81.0344827586207
16298.918881	81.0344827586207
16308.918881	81.0344827586207
16318.918881	81.0344827586207
16328.918881	81.0344827586207
16338.918881	81.0344827586207
16348.918881	81.0344827586207
16358.918881	81.0344827586207
16368.918881	81.0344827586207
16378.918881	81.0344827586207
16388.918881	81.0344827586207
16398.918881	81.0344827586207
16408.918881	81.0344827586207
16418.918881	81.0344827586207
16428.918881	81.0344827586207
16438.918881	81.0344827586207
16448.918881	81.0344827586207
16458.918881	81.0344827586207
16468.918881	81.0344827586207
16478.918881	81.0344827586207
16488.918881	81.0344827586207
16498.918881	81.0344827586207
16508.918881	81.0344827586207
16518.918881	81.0344827586207
16528.918881	81.0344827586207
16538.918881	81.0344827586207
16548.918881	81.0344827586207
16558.918881	81.0344827586207
16568.918881	81.0344827586207
16578.918881	81.0344827586207
16588.918881	81.0344827586207
16598.918881	81.0344827586207
16608.918881	81.0344827586207
16618.918881	81.0344827586207
16628.918881	81.0344827586207
16638.918881	81.0344827586207
16648.918881	81.0344827586207
16658.918881	81.8965517241379
16668.918881	81.8965517241379
16678.918881	81.8965517241379
16688.918881	81.8965517241379
16698.918881	81.8965517241379
16708.918881	81.8965517241379
16718.918881	81.8965517241379
16728.918881	81.8965517241379
16738.918881	81.8965517241379
16748.918881	81.8965517241379
16758.918881	81.8965517241379
16768.918881	81.8965517241379
16778.918881	81.8965517241379
16788.918881	81.8965517241379
16798.918881	81.8965517241379
16808.918881	81.8965517241379
16818.918881	81.8965517241379
16828.918881	81.8965517241379
16838.918881	81.8965517241379
16848.918881	81.8965517241379
16858.918881	81.8965517241379
16868.918881	81.8965517241379
16878.918881	81.8965517241379
16888.918881	81.8965517241379
16898.918881	81.8965517241379
16908.918881	81.8965517241379
16918.918881	81.8965517241379
16928.918881	81.8965517241379
16938.918881	81.8965517241379
16948.918881	81.8965517241379
16958.918881	81.8965517241379
16968.918881	81.8965517241379
16978.918881	81.8965517241379
16988.918881	81.8965517241379
16998.918881	81.8965517241379
17008.918881	81.8965517241379
17018.918881	81.8965517241379
17028.918881	81.8965517241379
17038.918881	81.8965517241379
17048.918881	81.8965517241379
17058.918881	81.8965517241379
17068.918881	81.8965517241379
17078.918881	81.8965517241379
17088.918881	81.8965517241379
17098.918881	81.8965517241379
17108.918881	81.8965517241379
17118.918881	82.7586206896552
17128.918881	82.7586206896552
17138.918881	82.7586206896552
17148.918881	82.7586206896552
17158.918881	82.7586206896552
17168.918881	82.7586206896552
17178.918881	82.7586206896552
17188.918881	82.7586206896552
17198.918881	82.7586206896552
17208.918881	83.6206896551724
17218.918881	83.6206896551724
17228.918881	83.6206896551724
17238.918881	83.6206896551724
17248.918881	83.6206896551724
17258.918881	83.6206896551724
17268.918881	83.6206896551724
17278.918881	83.6206896551724
17288.918881	83.6206896551724
17298.918881	83.6206896551724
17308.918881	83.6206896551724
17318.918881	83.6206896551724
17328.918881	83.6206896551724
17338.918881	83.6206896551724
17348.918881	83.6206896551724
17358.918881	83.6206896551724
17368.918881	83.6206896551724
17378.918881	83.6206896551724
17388.918881	83.6206896551724
17398.918881	83.6206896551724
17408.918881	83.6206896551724
17418.918881	83.6206896551724
17428.918881	83.6206896551724
17438.918881	83.6206896551724
17448.918881	83.6206896551724
17458.918881	83.6206896551724
17468.918881	84.4827586206897
17478.918881	84.4827586206897
17488.918881	84.4827586206897
17498.918881	85.3448275862069
17508.918881	85.3448275862069
17518.918881	85.3448275862069
17528.918881	85.3448275862069
17538.918881	85.3448275862069
17548.918881	85.3448275862069
17558.918881	85.3448275862069
17568.918881	85.3448275862069
17578.918881	85.3448275862069
17588.918881	85.3448275862069
17598.918881	85.3448275862069
17608.918881	85.3448275862069
17618.918881	85.3448275862069
17628.918881	85.3448275862069
17638.918881	85.3448275862069
17648.918881	85.3448275862069
17658.918881	85.3448275862069
17668.918881	85.3448275862069
17678.918881	85.3448275862069
17688.918881	85.3448275862069
17698.918881	85.3448275862069
17708.918881	85.3448275862069
17718.918881	85.3448275862069
17728.918881	85.3448275862069
17738.918881	85.3448275862069
17748.918881	85.3448275862069
17758.918881	85.3448275862069
17768.918881	85.3448275862069
17778.918881	85.3448275862069
17788.918881	85.3448275862069
17798.918881	85.3448275862069
17808.918881	85.3448275862069
17818.918881	85.3448275862069
17828.918881	85.3448275862069
17838.918881	85.3448275862069
17848.918881	85.3448275862069
17858.918881	85.3448275862069
17868.918881	85.3448275862069
17878.918881	85.3448275862069
17888.918881	85.3448275862069
17898.918881	85.3448275862069
17908.918881	85.3448275862069
17918.918881	85.3448275862069
17928.918881	85.3448275862069
17938.918881	85.3448275862069
17948.918881	85.3448275862069
17958.918881	85.3448275862069
17968.918881	85.3448275862069
17978.918881	85.3448275862069
17988.918881	85.3448275862069
17998.918881	85.3448275862069
18008.918881	85.3448275862069
18018.918881	85.3448275862069
18028.918881	85.3448275862069
18038.918881	85.3448275862069
18048.918881	85.3448275862069
18058.918881	85.3448275862069
18068.918881	85.3448275862069
18078.918881	85.3448275862069
18088.918881	85.3448275862069
18098.918881	85.3448275862069
18108.918881	85.3448275862069
18118.918881	85.3448275862069
18128.918881	85.3448275862069
18138.918881	85.3448275862069
18148.918881	85.3448275862069
18158.918881	85.3448275862069
18168.918881	85.3448275862069
18178.918881	85.3448275862069
18188.918881	85.3448275862069
18198.918881	85.3448275862069
18208.918881	85.3448275862069
18218.918881	85.3448275862069
18228.918881	85.3448275862069
18238.918881	85.3448275862069
18248.918881	85.3448275862069
18258.918881	85.3448275862069
18268.918881	85.3448275862069
18278.918881	85.3448275862069
18288.918881	85.3448275862069
18298.918881	85.3448275862069
18308.918881	85.3448275862069
18318.918881	85.3448275862069
18328.918881	85.3448275862069
18338.918881	85.3448275862069
18348.918881	85.3448275862069
18358.918881	85.3448275862069
18368.918881	85.3448275862069
18378.918881	85.3448275862069
18388.918881	85.3448275862069
18398.918881	85.3448275862069
18408.918881	85.3448275862069
18418.918881	85.3448275862069
18428.918881	85.3448275862069
18438.918881	85.3448275862069
18448.918881	85.3448275862069
18458.918881	85.3448275862069
18468.918881	85.3448275862069
18478.918881	85.3448275862069
18488.918881	85.3448275862069
18498.918881	85.3448275862069
18508.918881	85.3448275862069
18518.918881	85.3448275862069
18528.918881	85.3448275862069
18538.918881	85.3448275862069
18548.918881	85.3448275862069
18558.918881	86.2068965517241
18568.918881	86.2068965517241
18578.918881	86.2068965517241
18588.918881	86.2068965517241
18598.918881	86.2068965517241
18608.918881	86.2068965517241
18618.918881	86.2068965517241
18628.918881	86.2068965517241
18638.918881	87.0689655172414
18648.918881	87.0689655172414
18658.918881	87.0689655172414
18668.918881	87.0689655172414
18678.918881	87.0689655172414
18688.918881	87.0689655172414
18698.918881	87.0689655172414
18708.918881	87.0689655172414
18718.918881	87.0689655172414
18728.918881	87.0689655172414
18738.918881	87.0689655172414
18748.918881	87.9310344827586
18758.918881	87.9310344827586
18768.918881	87.9310344827586
18778.918881	87.9310344827586
18788.918881	87.9310344827586
18798.918881	87.9310344827586
18808.918881	87.9310344827586
18818.918881	87.9310344827586
18828.918881	87.9310344827586
18838.918881	87.9310344827586
18848.918881	87.9310344827586
18858.918881	87.9310344827586
18868.918881	87.9310344827586
18878.918881	87.9310344827586
18888.918881	87.9310344827586
18898.918881	87.9310344827586
18908.918881	87.9310344827586
18918.918881	88.7931034482759
18928.918881	88.7931034482759
18938.918881	88.7931034482759
18948.918881	88.7931034482759
18958.918881	88.7931034482759
18968.918881	88.7931034482759
18978.918881	88.7931034482759
18988.918881	88.7931034482759
18998.918881	88.7931034482759
19008.918881	88.7931034482759
19018.918881	88.7931034482759
19028.918881	88.7931034482759
19038.918881	89.6551724137931
19048.918881	89.6551724137931
19058.918881	89.6551724137931
19068.918881	89.6551724137931
19078.918881	89.6551724137931
19088.918881	89.6551724137931
19098.918881	89.6551724137931
19108.918881	89.6551724137931
19118.918881	89.6551724137931
19128.918881	89.6551724137931
19138.918881	89.6551724137931
19148.918881	89.6551724137931
19158.918881	89.6551724137931
19168.918881	89.6551724137931
19178.918881	89.6551724137931
19188.918881	89.6551724137931
19198.918881	89.6551724137931
19208.918881	89.6551724137931
19218.918881	89.6551724137931
19228.918881	89.6551724137931
19238.918881	89.6551724137931
19248.918881	89.6551724137931
19258.918881	89.6551724137931
19268.918881	89.6551724137931
19278.918881	89.6551724137931
19288.918881	89.6551724137931
19298.918881	89.6551724137931
19308.918881	89.6551724137931
19318.918881	89.6551724137931
19328.918881	89.6551724137931
19338.918881	89.6551724137931
19348.918881	89.6551724137931
19358.918881	89.6551724137931
19368.918881	89.6551724137931
19378.918881	89.6551724137931
19388.918881	89.6551724137931
19398.918881	89.6551724137931
19408.918881	89.6551724137931
19418.918881	89.6551724137931
19428.918881	89.6551724137931
19438.918881	89.6551724137931
19448.918881	89.6551724137931
19458.918881	89.6551724137931
19468.918881	89.6551724137931
19478.918881	90.5172413793103
19488.918881	90.5172413793103
19498.918881	91.3793103448276
19508.918881	91.3793103448276
19518.918881	91.3793103448276
19528.918881	91.3793103448276
19538.918881	91.3793103448276
19548.918881	91.3793103448276
19558.918881	91.3793103448276
19568.918881	91.3793103448276
19578.918881	91.3793103448276
19588.918881	91.3793103448276
19598.918881	91.3793103448276
19608.918881	91.3793103448276
19618.918881	91.3793103448276
19628.918881	91.3793103448276
19638.918881	91.3793103448276
19648.918881	91.3793103448276
19658.918881	91.3793103448276
19668.918881	91.3793103448276
19678.918881	91.3793103448276
19688.918881	91.3793103448276
19698.918881	91.3793103448276
19708.918881	91.3793103448276
19718.918881	91.3793103448276
19728.918881	91.3793103448276
19738.918881	91.3793103448276
19748.918881	91.3793103448276
19758.918881	91.3793103448276
19768.918881	91.3793103448276
19778.918881	91.3793103448276
19788.918881	91.3793103448276
19798.918881	91.3793103448276
19808.918881	91.3793103448276
19818.918881	91.3793103448276
19828.918881	91.3793103448276
19838.918881	91.3793103448276
19848.918881	91.3793103448276
19858.918881	91.3793103448276
19868.918881	91.3793103448276
19878.918881	91.3793103448276
19888.918881	91.3793103448276
19898.918881	91.3793103448276
19908.918881	91.3793103448276
19918.918881	91.3793103448276
19928.918881	91.3793103448276
19938.918881	91.3793103448276
19948.918881	91.3793103448276
19958.918881	91.3793103448276
19968.918881	91.3793103448276
19978.918881	91.3793103448276
19988.918881	91.3793103448276
19998.918881	91.3793103448276
20008.918881	91.3793103448276
20018.918881	91.3793103448276
20028.918881	91.3793103448276
20038.918881	91.3793103448276
20048.918881	91.3793103448276
20058.918881	91.3793103448276
20068.918881	91.3793103448276
20078.918881	91.3793103448276
20088.918881	91.3793103448276
20098.918881	91.3793103448276
20108.918881	91.3793103448276
20118.918881	91.3793103448276
20128.918881	91.3793103448276
20138.918881	91.3793103448276
20148.918881	91.3793103448276
20158.918881	91.3793103448276
20168.918881	91.3793103448276
20178.918881	91.3793103448276
20188.918881	91.3793103448276
20198.918881	91.3793103448276
20208.918881	91.3793103448276
20218.918881	91.3793103448276
20228.918881	91.3793103448276
20238.918881	91.3793103448276
20248.918881	91.3793103448276
20258.918881	91.3793103448276
20268.918881	91.3793103448276
20278.918881	91.3793103448276
20288.918881	91.3793103448276
20298.918881	91.3793103448276
20308.918881	91.3793103448276
20318.918881	91.3793103448276
20328.918881	91.3793103448276
20338.918881	91.3793103448276
20348.918881	91.3793103448276
20358.918881	91.3793103448276
20368.918881	91.3793103448276
20378.918881	91.3793103448276
20388.918881	91.3793103448276
20398.918881	91.3793103448276
20408.918881	91.3793103448276
20418.918881	91.3793103448276
20428.918881	91.3793103448276
20438.918881	91.3793103448276
20448.918881	91.3793103448276
20458.918881	91.3793103448276
20468.918881	91.3793103448276
20478.918881	91.3793103448276
20488.918881	91.3793103448276
20498.918881	91.3793103448276
20508.918881	91.3793103448276
20518.918881	92.2413793103448
20528.918881	92.2413793103448
20538.918881	92.2413793103448
20548.918881	92.2413793103448
20558.918881	92.2413793103448
20568.918881	92.2413793103448
20578.918881	92.2413793103448
20588.918881	92.2413793103448
20598.918881	92.2413793103448
20608.918881	92.2413793103448
20618.918881	92.2413793103448
20628.918881	92.2413793103448
20638.918881	92.2413793103448
20648.918881	92.2413793103448
20658.918881	92.2413793103448
20668.918881	92.2413793103448
20678.918881	92.2413793103448
20688.918881	92.2413793103448
20698.918881	92.2413793103448
20708.918881	92.2413793103448
20718.918881	92.2413793103448
20728.918881	92.2413793103448
20738.918881	92.2413793103448
20748.918881	92.2413793103448
20758.918881	92.2413793103448
20768.918881	92.2413793103448
20778.918881	92.2413793103448
20788.918881	92.2413793103448
20798.918881	92.2413793103448
20808.918881	92.2413793103448
20818.918881	92.2413793103448
20828.918881	92.2413793103448
20838.918881	92.2413793103448
20848.918881	92.2413793103448
20858.918881	92.2413793103448
20868.918881	92.2413793103448
20878.918881	92.2413793103448
20888.918881	92.2413793103448
20898.918881	92.2413793103448
20908.918881	92.2413793103448
20918.918881	92.2413793103448
20928.918881	92.2413793103448
20938.918881	92.2413793103448
20948.918881	92.2413793103448
20958.918881	92.2413793103448
20968.918881	92.2413793103448
20978.918881	92.2413793103448
20988.918881	92.2413793103448
20998.918881	92.2413793103448
21008.918881	92.2413793103448
21018.918881	92.2413793103448
21028.918881	92.2413793103448
21038.918881	92.2413793103448
21048.918881	92.2413793103448
21058.918881	92.2413793103448
21068.918881	92.2413793103448
21078.918881	92.2413793103448
21088.918881	92.2413793103448
21098.918881	92.2413793103448
21108.918881	92.2413793103448
21118.918881	92.2413793103448
21128.918881	92.2413793103448
21138.918881	92.2413793103448
21148.918881	92.2413793103448
21158.918881	92.2413793103448
21168.918881	92.2413793103448
21178.918881	92.2413793103448
21188.918881	92.2413793103448
21198.918881	92.2413793103448
21208.918881	92.2413793103448
21218.918881	92.2413793103448
21228.918881	92.2413793103448
21238.918881	92.2413793103448
21248.918881	92.2413793103448
21258.918881	92.2413793103448
21268.918881	92.2413793103448
21278.918881	92.2413793103448
21288.918881	92.2413793103448
21298.918881	92.2413793103448
21308.918881	92.2413793103448
21318.918881	92.2413793103448
21328.918881	92.2413793103448
21338.918881	92.2413793103448
21348.918881	92.2413793103448
21358.918881	92.2413793103448
21368.918881	92.2413793103448
21378.918881	92.2413793103448
21388.918881	92.2413793103448
21398.918881	92.2413793103448
21408.918881	92.2413793103448
21418.918881	92.2413793103448
21428.918881	92.2413793103448
21438.918881	92.2413793103448
21448.918881	92.2413793103448
21458.918881	92.2413793103448
21468.918881	92.2413793103448
21478.918881	92.2413793103448
21488.918881	92.2413793103448
21498.918881	92.2413793103448
21508.918881	92.2413793103448
21518.918881	92.2413793103448
21528.918881	92.2413793103448
21538.918881	92.2413793103448
21548.918881	92.2413793103448
21558.918881	92.2413793103448
21568.918881	92.2413793103448
21578.918881	92.2413793103448
21588.918881	92.2413793103448
21598.918881	92.2413793103448
21608.918881	92.2413793103448
21618.918881	92.2413793103448
21628.918881	92.2413793103448
21638.918881	92.2413793103448
21648.918881	92.2413793103448
21658.918881	92.2413793103448
21668.918881	92.2413793103448
21678.918881	92.2413793103448
21688.918881	92.2413793103448
21698.918881	92.2413793103448
21708.918881	92.2413793103448
21718.918881	92.2413793103448
21728.918881	92.2413793103448
21738.918881	92.2413793103448
21748.918881	92.2413793103448
21758.918881	92.2413793103448
21768.918881	92.2413793103448
21778.918881	92.2413793103448
21788.918881	92.2413793103448
21798.918881	92.2413793103448
21808.918881	92.2413793103448
21818.918881	92.2413793103448
21828.918881	92.2413793103448
21838.918881	92.2413793103448
21848.918881	92.2413793103448
21858.918881	92.2413793103448
21868.918881	92.2413793103448
21878.918881	92.2413793103448
21888.918881	92.2413793103448
21898.918881	92.2413793103448
21908.918881	92.2413793103448
21918.918881	92.2413793103448
21928.918881	92.2413793103448
21938.918881	92.2413793103448
21948.918881	92.2413793103448
21958.918881	92.2413793103448
21968.918881	92.2413793103448
21978.918881	92.2413793103448
21988.918881	92.2413793103448
21998.918881	92.2413793103448
22008.918881	92.2413793103448
22018.918881	92.2413793103448
22028.918881	92.2413793103448
22038.918881	92.2413793103448
22048.918881	92.2413793103448
22058.918881	92.2413793103448
22068.918881	92.2413793103448
22078.918881	92.2413793103448
22088.918881	92.2413793103448
22098.918881	92.2413793103448
22108.918881	92.2413793103448
22118.918881	92.2413793103448
22128.918881	92.2413793103448
22138.918881	92.2413793103448
22148.918881	92.2413793103448
22158.918881	92.2413793103448
22168.918881	92.2413793103448
22178.918881	92.2413793103448
22188.918881	92.2413793103448
22198.918881	92.2413793103448
22208.918881	92.2413793103448
22218.918881	92.2413793103448
22228.918881	92.2413793103448
22238.918881	92.2413793103448
22248.918881	92.2413793103448
22258.918881	92.2413793103448
22268.918881	92.2413793103448
22278.918881	92.2413793103448
22288.918881	92.2413793103448
22298.918881	92.2413793103448
22308.918881	92.2413793103448
22318.918881	92.2413793103448
22328.918881	92.2413793103448
22338.918881	92.2413793103448
22348.918881	92.2413793103448
22358.918881	92.2413793103448
22368.918881	92.2413793103448
22378.918881	92.2413793103448
22388.918881	92.2413793103448
22398.918881	92.2413793103448
22408.918881	92.2413793103448
22418.918881	92.2413793103448
22428.918881	92.2413793103448
22438.918881	92.2413793103448
22448.918881	92.2413793103448
22458.918881	92.2413793103448
22468.918881	92.2413793103448
22478.918881	92.2413793103448
22488.918881	92.2413793103448
22498.918881	92.2413793103448
22508.918881	93.1034482758621
22518.918881	93.1034482758621
22528.918881	93.1034482758621
22538.918881	93.1034482758621
22548.918881	93.1034482758621
22558.918881	93.1034482758621
22568.918881	93.1034482758621
22578.918881	93.1034482758621
22588.918881	93.1034482758621
22598.918881	93.1034482758621
22608.918881	93.1034482758621
22618.918881	93.1034482758621
22628.918881	93.1034482758621
22638.918881	93.1034482758621
22648.918881	93.1034482758621
22658.918881	93.1034482758621
22668.918881	93.1034482758621
22678.918881	93.1034482758621
22688.918881	93.1034482758621
22698.918881	93.1034482758621
22708.918881	93.1034482758621
22718.918881	93.1034482758621
22728.918881	93.1034482758621
22738.918881	93.1034482758621
22748.918881	93.1034482758621
22758.918881	93.1034482758621
22768.918881	93.1034482758621
22778.918881	93.1034482758621
22788.918881	93.1034482758621
22798.918881	93.1034482758621
22808.918881	93.1034482758621
22818.918881	93.1034482758621
22828.918881	93.1034482758621
22838.918881	93.1034482758621
22848.918881	93.1034482758621
22858.918881	93.1034482758621
22868.918881	93.1034482758621
22878.918881	93.1034482758621
22888.918881	93.1034482758621
22898.918881	93.1034482758621
22908.918881	93.1034482758621
22918.918881	93.1034482758621
22928.918881	93.1034482758621
22938.918881	93.1034482758621
22948.918881	93.1034482758621
22958.918881	93.9655172413793
22968.918881	93.9655172413793
22978.918881	93.9655172413793
22988.918881	93.9655172413793
22998.918881	93.9655172413793
23008.918881	93.9655172413793
23018.918881	93.9655172413793
23028.918881	93.9655172413793
23038.918881	93.9655172413793
23048.918881	93.9655172413793
23058.918881	93.9655172413793
23068.918881	93.9655172413793
23078.918881	93.9655172413793
23088.918881	93.9655172413793
23098.918881	93.9655172413793
23108.918881	93.9655172413793
23118.918881	93.9655172413793
23128.918881	93.9655172413793
23138.918881	93.9655172413793
23148.918881	93.9655172413793
23158.918881	93.9655172413793
23168.918881	93.9655172413793
23178.918881	93.9655172413793
23188.918881	93.9655172413793
23198.918881	93.9655172413793
23208.918881	93.9655172413793
23218.918881	93.9655172413793
23228.918881	93.9655172413793
23238.918881	93.9655172413793
23248.918881	93.9655172413793
23258.918881	93.9655172413793
23268.918881	93.9655172413793
23278.918881	93.9655172413793
23288.918881	93.9655172413793
23298.918881	93.9655172413793
23308.918881	93.9655172413793
23318.918881	93.9655172413793
23328.918881	93.9655172413793
23338.918881	93.9655172413793
23348.918881	93.9655172413793
23358.918881	93.9655172413793
23368.918881	93.9655172413793
23378.918881	93.9655172413793
23388.918881	93.9655172413793
23398.918881	93.9655172413793
23408.918881	93.9655172413793
23418.918881	93.9655172413793
23428.918881	93.9655172413793
23438.918881	93.9655172413793
23448.918881	93.9655172413793
23458.918881	93.9655172413793
23468.918881	93.9655172413793
23478.918881	93.9655172413793
23488.918881	93.9655172413793
23498.918881	93.9655172413793
23508.918881	93.9655172413793
23518.918881	93.9655172413793
23528.918881	93.9655172413793
23538.918881	94.8275862068966
23548.918881	94.8275862068966
23558.918881	94.8275862068966
23568.918881	94.8275862068966
23578.918881	94.8275862068966
23588.918881	94.8275862068966
23598.918881	94.8275862068966
23608.918881	94.8275862068966
23618.918881	94.8275862068966
23628.918881	94.8275862068966
23638.918881	94.8275862068966
23648.918881	94.8275862068966
23658.918881	94.8275862068966
23668.918881	94.8275862068966
23678.918881	94.8275862068966
23688.918881	94.8275862068966
23698.918881	94.8275862068966
23708.918881	94.8275862068966
23718.918881	94.8275862068966
23728.918881	94.8275862068966
23738.918881	94.8275862068966
23748.918881	94.8275862068966
23758.918881	94.8275862068966
23768.918881	94.8275862068966
23778.918881	94.8275862068966
23788.918881	94.8275862068966
23798.918881	94.8275862068966
23808.918881	94.8275862068966
23818.918881	94.8275862068966
23828.918881	94.8275862068966
23838.918881	94.8275862068966
23848.918881	94.8275862068966
23858.918881	94.8275862068966
23868.918881	94.8275862068966
23878.918881	94.8275862068966
23888.918881	94.8275862068966
23898.918881	94.8275862068966
23908.918881	94.8275862068966
23918.918881	94.8275862068966
23928.918881	94.8275862068966
23938.918881	94.8275862068966
23948.918881	94.8275862068966
23958.918881	94.8275862068966
23968.918881	95.6896551724138
23978.918881	95.6896551724138
23988.918881	95.6896551724138
23998.918881	95.6896551724138
24008.918881	95.6896551724138
24018.918881	95.6896551724138
24028.918881	95.6896551724138
24038.918881	95.6896551724138
24048.918881	95.6896551724138
24058.918881	95.6896551724138
24068.918881	95.6896551724138
24078.918881	95.6896551724138
24088.918881	95.6896551724138
24098.918881	95.6896551724138
24108.918881	95.6896551724138
24118.918881	95.6896551724138
24128.918881	95.6896551724138
24138.918881	95.6896551724138
24148.918881	95.6896551724138
24158.918881	95.6896551724138
24168.918881	95.6896551724138
24178.918881	95.6896551724138
24188.918881	95.6896551724138
24198.918881	95.6896551724138
24208.918881	95.6896551724138
24218.918881	95.6896551724138
24228.918881	95.6896551724138
24238.918881	95.6896551724138
24248.918881	95.6896551724138
24258.918881	95.6896551724138
24268.918881	95.6896551724138
24278.918881	95.6896551724138
24288.918881	95.6896551724138
24298.918881	95.6896551724138
24308.918881	95.6896551724138
24318.918881	95.6896551724138
24328.918881	95.6896551724138
24338.918881	95.6896551724138
24348.918881	95.6896551724138
24358.918881	95.6896551724138
24368.918881	95.6896551724138
24378.918881	95.6896551724138
24388.918881	95.6896551724138
24398.918881	95.6896551724138
24408.918881	95.6896551724138
24418.918881	95.6896551724138
24428.918881	96.551724137931
24438.918881	96.551724137931
24448.918881	96.551724137931
24458.918881	96.551724137931
24468.918881	96.551724137931
24478.918881	96.551724137931
24488.918881	96.551724137931
24498.918881	96.551724137931
24508.918881	96.551724137931
24518.918881	96.551724137931
24528.918881	96.551724137931
24538.918881	96.551724137931
24548.918881	96.551724137931
24558.918881	96.551724137931
24568.918881	96.551724137931
24578.918881	96.551724137931
24588.918881	96.551724137931
24598.918881	96.551724137931
24608.918881	96.551724137931
24618.918881	96.551724137931
24628.918881	96.551724137931
24638.918881	96.551724137931
24648.918881	96.551724137931
24658.918881	96.551724137931
24668.918881	96.551724137931
24678.918881	96.551724137931
24688.918881	96.551724137931
24698.918881	96.551724137931
24708.918881	96.551724137931
24718.918881	96.551724137931
24728.918881	96.551724137931
24738.918881	96.551724137931
24748.918881	96.551724137931
24758.918881	96.551724137931
24768.918881	96.551724137931
24778.918881	96.551724137931
24788.918881	96.551724137931
24798.918881	96.551724137931
24808.918881	96.551724137931
24818.918881	96.551724137931
24828.918881	96.551724137931
24838.918881	96.551724137931
24848.918881	96.551724137931
24858.918881	96.551724137931
24868.918881	96.551724137931
24878.918881	96.551724137931
24888.918881	96.551724137931
24898.918881	96.551724137931
24908.918881	96.551724137931
24918.918881	96.551724137931
24928.918881	96.551724137931
24938.918881	96.551724137931
24948.918881	96.551724137931
24958.918881	96.551724137931
24968.918881	96.551724137931
24978.918881	96.551724137931
24988.918881	96.551724137931
24998.918881	96.551724137931
25008.918881	96.551724137931
25018.918881	96.551724137931
25028.918881	96.551724137931
25038.918881	96.551724137931
25048.918881	96.551724137931
25058.918881	96.551724137931
25068.918881	96.551724137931
25078.918881	96.551724137931
25088.918881	96.551724137931
25098.918881	96.551724137931
25108.918881	96.551724137931
25118.918881	96.551724137931
25128.918881	96.551724137931
25138.918881	96.551724137931
25148.918881	96.551724137931
25158.918881	96.551724137931
25168.918881	96.551724137931
25178.918881	96.551724137931
25188.918881	96.551724137931
25198.918881	96.551724137931
25208.918881	96.551724137931
25218.918881	96.551724137931
25228.918881	96.551724137931
25238.918881	96.551724137931
25248.918881	96.551724137931
25258.918881	96.551724137931
25268.918881	96.551724137931
25278.918881	96.551724137931
25288.918881	96.551724137931
25298.918881	96.551724137931
25308.918881	96.551724137931
25318.918881	96.551724137931
25328.918881	96.551724137931
25338.918881	96.551724137931
25348.918881	96.551724137931
25358.918881	96.551724137931
25368.918881	96.551724137931
25378.918881	96.551724137931
25388.918881	96.551724137931
25398.918881	96.551724137931
25408.918881	96.551724137931
25418.918881	96.551724137931
25428.918881	96.551724137931
25438.918881	96.551724137931
25448.918881	96.551724137931
25458.918881	96.551724137931
25468.918881	96.551724137931
25478.918881	96.551724137931
25488.918881	96.551724137931
25498.918881	96.551724137931
25508.918881	96.551724137931
25518.918881	96.551724137931
25528.918881	96.551724137931
25538.918881	96.551724137931
25548.918881	96.551724137931
25558.918881	96.551724137931
25568.918881	96.551724137931
25578.918881	96.551724137931
25588.918881	96.551724137931
25598.918881	96.551724137931
25608.918881	96.551724137931
25618.918881	96.551724137931
25628.918881	96.551724137931
25638.918881	96.551724137931
25648.918881	96.551724137931
25658.918881	96.551724137931
25668.918881	96.551724137931
25678.918881	96.551724137931
25688.918881	96.551724137931
25698.918881	96.551724137931
25708.918881	96.551724137931
25718.918881	96.551724137931
25728.918881	96.551724137931
25738.918881	96.551724137931
25748.918881	96.551724137931
25758.918881	96.551724137931
25768.918881	96.551724137931
25778.918881	96.551724137931
25788.918881	96.551724137931
25798.918881	96.551724137931
25808.918881	96.551724137931
25818.918881	96.551724137931
25828.918881	96.551724137931
25838.918881	96.551724137931
25848.918881	96.551724137931
25858.918881	96.551724137931
25868.918881	96.551724137931
25878.918881	96.551724137931
25888.918881	96.551724137931
25898.918881	96.551724137931
25908.918881	96.551724137931
25918.918881	96.551724137931
25928.918881	96.551724137931
25938.918881	96.551724137931
25948.918881	96.551724137931
25958.918881	96.551724137931
25968.918881	96.551724137931
25978.918881	96.551724137931
25988.918881	96.551724137931
25998.918881	96.551724137931
26008.918881	96.551724137931
26018.918881	96.551724137931
26028.918881	96.551724137931
26038.918881	96.551724137931
26048.918881	96.551724137931
26058.918881	96.551724137931
26068.918881	96.551724137931
26078.918881	96.551724137931
26088.918881	96.551724137931
26098.918881	96.551724137931
26108.918881	96.551724137931
26118.918881	96.551724137931
26128.918881	96.551724137931
26138.918881	96.551724137931
26148.918881	96.551724137931
26158.918881	96.551724137931
26168.918881	96.551724137931
26178.918881	96.551724137931
26188.918881	96.551724137931
26198.918881	96.551724137931
26208.918881	96.551724137931
26218.918881	96.551724137931
26228.918881	96.551724137931
26238.918881	96.551724137931
26248.918881	96.551724137931
26258.918881	96.551724137931
26268.918881	96.551724137931
26278.918881	96.551724137931
26288.918881	96.551724137931
26298.918881	96.551724137931
26308.918881	96.551724137931
26318.918881	96.551724137931
26328.918881	96.551724137931
26338.918881	96.551724137931
26348.918881	96.551724137931
26358.918881	96.551724137931
26368.918881	96.551724137931
26378.918881	96.551724137931
26388.918881	96.551724137931
26398.918881	96.551724137931
26408.918881	96.551724137931
26418.918881	96.551724137931
26428.918881	96.551724137931
26438.918881	96.551724137931
26448.918881	96.551724137931
26458.918881	96.551724137931
26468.918881	96.551724137931
26478.918881	96.551724137931
26488.918881	96.551724137931
26498.918881	96.551724137931
26508.918881	96.551724137931
26518.918881	96.551724137931
26528.918881	96.551724137931
26538.918881	96.551724137931
26548.918881	96.551724137931
26558.918881	96.551724137931
26568.918881	96.551724137931
26578.918881	96.551724137931
26588.918881	96.551724137931
26598.918881	96.551724137931
26608.918881	96.551724137931
26618.918881	96.551724137931
26628.918881	96.551724137931
26638.918881	96.551724137931
26648.918881	96.551724137931
26658.918881	96.551724137931
26668.918881	96.551724137931
26678.918881	96.551724137931
26688.918881	96.551724137931
26698.918881	96.551724137931
26708.918881	96.551724137931
26718.918881	96.551724137931
26728.918881	96.551724137931
26738.918881	96.551724137931
26748.918881	96.551724137931
26758.918881	96.551724137931
26768.918881	96.551724137931
26778.918881	96.551724137931
26788.918881	96.551724137931
26798.918881	96.551724137931
26808.918881	96.551724137931
26818.918881	96.551724137931
26828.918881	96.551724137931
26838.918881	96.551724137931
26848.918881	96.551724137931
26858.918881	96.551724137931
26868.918881	96.551724137931
26878.918881	96.551724137931
26888.918881	96.551724137931
26898.918881	96.551724137931
26908.918881	96.551724137931
26918.918881	96.551724137931
26928.918881	96.551724137931
26938.918881	96.551724137931
26948.918881	96.551724137931
26958.918881	96.551724137931
26968.918881	96.551724137931
26978.918881	96.551724137931
26988.918881	96.551724137931
26998.918881	96.551724137931
27008.918881	96.551724137931
27018.918881	96.551724137931
27028.918881	96.551724137931
27038.918881	96.551724137931
27048.918881	96.551724137931
27058.918881	96.551724137931
27068.918881	96.551724137931
27078.918881	96.551724137931
27088.918881	96.551724137931
27098.918881	96.551724137931
27108.918881	96.551724137931
27118.918881	96.551724137931
27128.918881	96.551724137931
27138.918881	96.551724137931
27148.918881	96.551724137931
27158.918881	96.551724137931
27168.918881	97.4137931034483
27178.918881	97.4137931034483
27188.918881	97.4137931034483
27198.918881	97.4137931034483
27208.918881	97.4137931034483
27218.918881	97.4137931034483
27228.918881	97.4137931034483
27238.918881	98.2758620689655
27248.918881	98.2758620689655
27258.918881	98.2758620689655
27268.918881	98.2758620689655
27278.918881	98.2758620689655
27288.918881	98.2758620689655
27298.918881	98.2758620689655
27308.918881	98.2758620689655
27318.918881	98.2758620689655
27328.918881	98.2758620689655
27338.918881	98.2758620689655
27348.918881	98.2758620689655
27358.918881	98.2758620689655
27368.918881	98.2758620689655
27378.918881	98.2758620689655
27388.918881	98.2758620689655
27398.918881	98.2758620689655
27408.918881	98.2758620689655
27418.918881	98.2758620689655
27428.918881	98.2758620689655
27438.918881	98.2758620689655
27448.918881	98.2758620689655
27458.918881	98.2758620689655
27468.918881	98.2758620689655
27478.918881	98.2758620689655
27488.918881	98.2758620689655
27498.918881	98.2758620689655
27508.918881	99.1379310344828
27518.918881	99.1379310344828
27528.918881	99.1379310344828
27538.918881	99.1379310344828
27548.918881	99.1379310344828
27558.918881	99.1379310344828
27568.918881	99.1379310344828
27578.918881	99.1379310344828
27588.918881	99.1379310344828
27598.918881	99.1379310344828
27608.918881	99.1379310344828
27618.918881	99.1379310344828
27628.918881	99.1379310344828
27638.918881	99.1379310344828
27648.918881	99.1379310344828
27658.918881	99.1379310344828
27668.918881	99.1379310344828
27678.918881	99.1379310344828
27688.918881	99.1379310344828
27698.918881	99.1379310344828
27708.918881	99.1379310344828
27718.918881	99.1379310344828
27728.918881	99.1379310344828
27738.918881	99.1379310344828
27748.918881	99.1379310344828
27758.918881	99.1379310344828
27768.918881	99.1379310344828
27778.918881	99.1379310344828
27788.918881	99.1379310344828
27798.918881	99.1379310344828
27808.918881	99.1379310344828
27818.918881	99.1379310344828
27828.918881	99.1379310344828
27838.918881	99.1379310344828
27848.918881	99.1379310344828
27858.918881	99.1379310344828
27868.918881	99.1379310344828
27878.918881	99.1379310344828
27888.918881	99.1379310344828
27898.918881	99.1379310344828
27908.918881	99.1379310344828
27918.918881	99.1379310344828
27928.918881	99.1379310344828
27938.918881	99.1379310344828
27948.918881	99.1379310344828
27958.918881	99.1379310344828
27968.918881	99.1379310344828
27978.918881	99.1379310344828
27988.918881	99.1379310344828
27998.918881	99.1379310344828
28008.918881	99.1379310344828
28018.918881	99.1379310344828
28028.918881	99.1379310344828
28038.918881	99.1379310344828
28048.918881	99.1379310344828
28058.918881	99.1379310344828
28068.918881	99.1379310344828
28078.918881	99.1379310344828
28088.918881	99.1379310344828
28098.918881	99.1379310344828
28108.918881	99.1379310344828
28118.918881	99.1379310344828
28128.918881	99.1379310344828
28138.918881	99.1379310344828
28148.918881	100
