 951.259064
 8235.531457
 1092.301390
 3049.683047
 1342.300573
 23127.395965
 8201.350475
 1785311.270345
 15137.940108
 31111.606982
 15250.962422
 18239.678858
 3538765.427768
 353532.827529
 2126071.470709
 10831.596776
 26490.408616
 5716324.906064
 12589.559282

 1644577.596404


 8597.543448
 9951.951768

 23289.103521
 25377.181055
 1763684.465001
 13863.245846

 6886.269845
 34667.928131



 27626.294214

 26279.939146
 5230840.151692


 5960876.577776



 21244.547147


 4998126.941480

 524621.336784

 4746414.253577

 7514427.548382
 9497581.463921
 3709502.738903
 921451.332298

 143850.708678





 2920905.845493
 2489191.866671
 1091348.820743
 4016907.797829




 303431.395399
 1158265.316475





 3426089.921176



 3100751.197664








 796201.078247







 1200187.675519


 1952276.276102









 120928.020857







 2581504.219634

 673955.658624


 7201271.171292




 32625.258159





 42315.351832
















 149850.692502
 22293.796317




 90543.079584




 728404.706361
 188320.458015





 430994.097400


 2129712.475689







 4658.777656






 1217041.110958










 2048410.203181




 303449.687277



 19624.448022







 84682.617286


 1106768.882921
 31049.956317




 22406.241137



 289884.481728

 14014.934732

 474920.097415






















