1289.268241	3.125
1299.268241	3.125
1309.268241	3.125
1319.268241	3.125
1329.268241	3.125
1339.268241	3.125
1349.268241	3.125
1359.268241	3.125
1369.268241	6.25
1379.268241	6.25
1389.268241	6.25
1399.268241	6.25
1409.268241	6.25
1419.268241	6.25
1429.268241	6.25
1439.268241	6.25
1449.268241	6.25
1459.268241	6.25
1469.268241	6.25
1479.268241	6.25
1489.268241	9.375
1499.268241	9.375
1509.268241	9.375
1519.268241	9.375
1529.268241	9.375
1539.268241	9.375
1549.268241	9.375
1559.268241	9.375
1569.268241	9.375
1579.268241	9.375
1589.268241	9.375
1599.268241	9.375
1609.268241	9.375
1619.268241	9.375
1629.268241	9.375
1639.268241	9.375
1649.268241	9.375
1659.268241	9.375
1669.268241	9.375
1679.268241	9.375
1689.268241	9.375
1699.268241	9.375
1709.268241	9.375
1719.268241	9.375
1729.268241	9.375
1739.268241	9.375
1749.268241	9.375
1759.268241	9.375
1769.268241	9.375
1779.268241	9.375
1789.268241	9.375
1799.268241	9.375
1809.268241	9.375
1819.268241	12.5
1829.268241	12.5
1839.268241	12.5
1849.268241	12.5
1859.268241	12.5
1869.268241	12.5
1879.268241	12.5
1889.268241	12.5
1899.268241	12.5
1909.268241	12.5
1919.268241	12.5
1929.268241	12.5
1939.268241	12.5
1949.268241	12.5
1959.268241	12.5
1969.268241	12.5
1979.268241	12.5
1989.268241	12.5
1999.268241	12.5
2009.268241	12.5
2019.268241	12.5
2029.268241	12.5
2039.268241	12.5
2049.268241	15.625
2059.268241	15.625
2069.268241	15.625
2079.268241	15.625
2089.268241	15.625
2099.268241	15.625
2109.268241	15.625
2119.268241	15.625
2129.268241	15.625
2139.268241	15.625
2149.268241	15.625
2159.268241	15.625
2169.268241	15.625
2179.268241	15.625
2189.268241	15.625
2199.268241	15.625
2209.268241	15.625
2219.268241	15.625
2229.268241	15.625
2239.268241	15.625
2249.268241	15.625
2259.268241	15.625
2269.268241	15.625
2279.268241	15.625
2289.268241	15.625
2299.268241	15.625
2309.268241	15.625
2319.268241	15.625
2329.268241	15.625
2339.268241	15.625
2349.268241	15.625
2359.268241	15.625
2369.268241	15.625
2379.268241	15.625
2389.268241	15.625
2399.268241	15.625
2409.268241	15.625
2419.268241	15.625
2429.268241	15.625
2439.268241	15.625
2449.268241	15.625
2459.268241	15.625
2469.268241	15.625
2479.268241	15.625
2489.268241	15.625
2499.268241	15.625
2509.268241	15.625
2519.268241	15.625
2529.268241	15.625
2539.268241	15.625
2549.268241	15.625
2559.268241	15.625
2569.268241	15.625
2579.268241	15.625
2589.268241	15.625
2599.268241	15.625
2609.268241	15.625
2619.268241	15.625
2629.268241	15.625
2639.268241	15.625
2649.268241	15.625
2659.268241	15.625
2669.268241	15.625
2679.268241	15.625
2689.268241	15.625
2699.268241	15.625
2709.268241	15.625
2719.268241	15.625
2729.268241	15.625
2739.268241	15.625
2749.268241	18.75
2759.268241	18.75
2769.268241	18.75
2779.268241	18.75
2789.268241	18.75
2799.268241	18.75
2809.268241	18.75
2819.268241	18.75
2829.268241	21.875
2839.268241	21.875
2849.268241	21.875
2859.268241	21.875
2869.268241	21.875
2879.268241	21.875
2889.268241	21.875
2899.268241	21.875
2909.268241	25
2919.268241	25
2929.268241	25
2939.268241	25
2949.268241	25
2959.268241	25
2969.268241	25
2979.268241	25
2989.268241	25
2999.268241	25
3009.268241	25
3019.268241	25
3029.268241	25
3039.268241	25
3049.268241	25
3059.268241	25
3069.268241	25
3079.268241	25
3089.268241	25
3099.268241	25
3109.268241	25
3119.268241	25
3129.268241	25
3139.268241	25
3149.268241	25
3159.268241	25
3169.268241	25
3179.268241	28.125
3189.268241	28.125
3199.268241	28.125
3209.268241	28.125
3219.268241	28.125
3229.268241	28.125
3239.268241	28.125
3249.268241	28.125
3259.268241	28.125
3269.268241	28.125
3279.268241	28.125
3289.268241	28.125
3299.268241	28.125
3309.268241	28.125
3319.268241	28.125
3329.268241	28.125
3339.268241	28.125
3349.268241	28.125
3359.268241	28.125
3369.268241	28.125
3379.268241	28.125
3389.268241	28.125
3399.268241	28.125
3409.268241	28.125
3419.268241	28.125
3429.268241	28.125
3439.268241	28.125
3449.268241	28.125
3459.268241	28.125
3469.268241	28.125
3479.268241	28.125
3489.268241	28.125
3499.268241	28.125
3509.268241	28.125
3519.268241	28.125
3529.268241	28.125
3539.268241	28.125
3549.268241	28.125
3559.268241	28.125
3569.268241	28.125
3579.268241	28.125
3589.268241	28.125
3599.268241	28.125
3609.268241	28.125
3619.268241	28.125
3629.268241	28.125
3639.268241	28.125
3649.268241	28.125
3659.268241	28.125
3669.268241	28.125
3679.268241	28.125
3689.268241	28.125
3699.268241	28.125
3709.268241	28.125
3719.268241	28.125
3729.268241	28.125
3739.268241	28.125
3749.268241	28.125
3759.268241	28.125
3769.268241	28.125
3779.268241	28.125
3789.268241	28.125
3799.268241	28.125
3809.268241	28.125
3819.268241	28.125
3829.268241	28.125
3839.268241	28.125
3849.268241	28.125
3859.268241	28.125
3869.268241	28.125
3879.268241	28.125
3889.268241	28.125
3899.268241	28.125
3909.268241	28.125
3919.268241	28.125
3929.268241	28.125
3939.268241	28.125
3949.268241	28.125
3959.268241	28.125
3969.268241	28.125
3979.268241	28.125
3989.268241	28.125
3999.268241	28.125
4009.268241	28.125
4019.268241	28.125
4029.268241	28.125
4039.268241	28.125
4049.268241	28.125
4059.268241	31.25
4069.268241	31.25
4079.268241	34.375
4089.268241	34.375
4099.268241	34.375
4109.268241	34.375
4119.268241	34.375
4129.268241	34.375
4139.268241	34.375
4149.268241	34.375
4159.268241	34.375
4169.268241	34.375
4179.268241	34.375
4189.268241	34.375
4199.268241	34.375
4209.268241	34.375
4219.268241	34.375
4229.268241	34.375
4239.268241	34.375
4249.268241	34.375
4259.268241	34.375
4269.268241	34.375
4279.268241	34.375
4289.268241	34.375
4299.268241	34.375
4309.268241	34.375
4319.268241	34.375
4329.268241	34.375
4339.268241	34.375
4349.268241	34.375
4359.268241	34.375
4369.268241	34.375
4379.268241	34.375
4389.268241	34.375
4399.268241	34.375
4409.268241	34.375
4419.268241	34.375
4429.268241	34.375
4439.268241	34.375
4449.268241	34.375
4459.268241	34.375
4469.268241	34.375
4479.268241	34.375
4489.268241	34.375
4499.268241	34.375
4509.268241	34.375
4519.268241	34.375
4529.268241	34.375
4539.268241	34.375
4549.268241	34.375
4559.268241	34.375
4569.268241	34.375
4579.268241	34.375
4589.268241	34.375
4599.268241	34.375
4609.268241	34.375
4619.268241	34.375
4629.268241	34.375
4639.268241	34.375
4649.268241	34.375
4659.268241	34.375
4669.268241	34.375
4679.268241	34.375
4689.268241	34.375
4699.268241	34.375
4709.268241	34.375
4719.268241	34.375
4729.268241	34.375
4739.268241	34.375
4749.268241	34.375
4759.268241	34.375
4769.268241	34.375
4779.268241	34.375
4789.268241	34.375
4799.268241	34.375
4809.268241	34.375
4819.268241	34.375
4829.268241	34.375
4839.268241	34.375
4849.268241	34.375
4859.268241	34.375
4869.268241	34.375
4879.268241	34.375
4889.268241	34.375
4899.268241	34.375
4909.268241	34.375
4919.268241	34.375
4929.268241	34.375
4939.268241	34.375
4949.268241	34.375
4959.268241	34.375
4969.268241	34.375
4979.268241	34.375
4989.268241	34.375
4999.268241	34.375
5009.268241	34.375
5019.268241	34.375
5029.268241	34.375
5039.268241	34.375
5049.268241	34.375
5059.268241	34.375
5069.268241	34.375
5079.268241	34.375
5089.268241	34.375
5099.268241	34.375
5109.268241	34.375
5119.268241	34.375
5129.268241	34.375
5139.268241	34.375
5149.268241	34.375
5159.268241	34.375
5169.268241	34.375
5179.268241	34.375
5189.268241	34.375
5199.268241	34.375
5209.268241	34.375
5219.268241	34.375
5229.268241	34.375
5239.268241	34.375
5249.268241	34.375
5259.268241	34.375
5269.268241	34.375
5279.268241	34.375
5289.268241	34.375
5299.268241	34.375
5309.268241	34.375
5319.268241	34.375
5329.268241	34.375
5339.268241	34.375
5349.268241	34.375
5359.268241	34.375
5369.268241	37.5
5379.268241	37.5
5389.268241	37.5
5399.268241	37.5
5409.268241	37.5
5419.268241	37.5
5429.268241	37.5
5439.268241	37.5
5449.268241	37.5
5459.268241	37.5
5469.268241	37.5
5479.268241	37.5
5489.268241	37.5
5499.268241	37.5
5509.268241	37.5
5519.268241	37.5
5529.268241	37.5
5539.268241	37.5
5549.268241	37.5
5559.268241	37.5
5569.268241	37.5
5579.268241	37.5
5589.268241	37.5
5599.268241	37.5
5609.268241	37.5
5619.268241	37.5
5629.268241	37.5
5639.268241	37.5
5649.268241	37.5
5659.268241	37.5
5669.268241	37.5
5679.268241	37.5
5689.268241	37.5
5699.268241	37.5
5709.268241	37.5
5719.268241	37.5
5729.268241	37.5
5739.268241	37.5
5749.268241	37.5
5759.268241	37.5
5769.268241	37.5
5779.268241	37.5
5789.268241	37.5
5799.268241	40.625
5809.268241	40.625
5819.268241	40.625
5829.268241	40.625
5839.268241	40.625
5849.268241	40.625
5859.268241	40.625
5869.268241	40.625
5879.268241	40.625
5889.268241	40.625
5899.268241	40.625
5909.268241	40.625
5919.268241	40.625
5929.268241	40.625
5939.268241	40.625
5949.268241	40.625
5959.268241	40.625
5969.268241	40.625
5979.268241	40.625
5989.268241	40.625
5999.268241	40.625
6009.268241	40.625
6019.268241	40.625
6029.268241	40.625
6039.268241	40.625
6049.268241	40.625
6059.268241	40.625
6069.268241	40.625
6079.268241	40.625
6089.268241	40.625
6099.268241	40.625
6109.268241	40.625
6119.268241	40.625
6129.268241	40.625
6139.268241	40.625
6149.268241	40.625
6159.268241	40.625
6169.268241	40.625
6179.268241	40.625
6189.268241	40.625
6199.268241	40.625
6209.268241	40.625
6219.268241	40.625
6229.268241	40.625
6239.268241	40.625
6249.268241	40.625
6259.268241	40.625
6269.268241	40.625
6279.268241	40.625
6289.268241	40.625
6299.268241	40.625
6309.268241	40.625
6319.268241	40.625
6329.268241	40.625
6339.268241	40.625
6349.268241	40.625
6359.268241	40.625
6369.268241	40.625
6379.268241	40.625
6389.268241	40.625
6399.268241	40.625
6409.268241	40.625
6419.268241	40.625
6429.268241	40.625
6439.268241	40.625
6449.268241	40.625
6459.268241	40.625
6469.268241	40.625
6479.268241	40.625
6489.268241	40.625
6499.268241	40.625
6509.268241	40.625
6519.268241	40.625
6529.268241	40.625
6539.268241	40.625
6549.268241	40.625
6559.268241	40.625
6569.268241	40.625
6579.268241	43.75
6589.268241	43.75
6599.268241	43.75
6609.268241	43.75
6619.268241	43.75
6629.268241	43.75
6639.268241	43.75
6649.268241	43.75
6659.268241	43.75
6669.268241	43.75
6679.268241	43.75
6689.268241	43.75
6699.268241	43.75
6709.268241	43.75
6719.268241	43.75
6729.268241	43.75
6739.268241	43.75
6749.268241	43.75
6759.268241	43.75
6769.268241	43.75
6779.268241	43.75
6789.268241	43.75
6799.268241	43.75
6809.268241	43.75
6819.268241	43.75
6829.268241	43.75
6839.268241	43.75
6849.268241	43.75
6859.268241	43.75
6869.268241	43.75
6879.268241	43.75
6889.268241	43.75
6899.268241	43.75
6909.268241	43.75
6919.268241	43.75
6929.268241	43.75
6939.268241	43.75
6949.268241	43.75
6959.268241	43.75
6969.268241	43.75
6979.268241	43.75
6989.268241	43.75
6999.268241	43.75
7009.268241	43.75
7019.268241	43.75
7029.268241	43.75
7039.268241	43.75
7049.268241	43.75
7059.268241	43.75
7069.268241	43.75
7079.268241	43.75
7089.268241	43.75
7099.268241	43.75
7109.268241	43.75
7119.268241	43.75
7129.268241	43.75
7139.268241	43.75
7149.268241	43.75
7159.268241	43.75
7169.268241	43.75
7179.268241	43.75
7189.268241	43.75
7199.268241	43.75
7209.268241	43.75
7219.268241	43.75
7229.268241	43.75
7239.268241	43.75
7249.268241	43.75
7259.268241	43.75
7269.268241	43.75
7279.268241	46.875
7289.268241	46.875
7299.268241	46.875
7309.268241	46.875
7319.268241	46.875
7329.268241	46.875
7339.268241	46.875
7349.268241	46.875
7359.268241	46.875
7369.268241	46.875
7379.268241	46.875
7389.268241	46.875
7399.268241	46.875
7409.268241	46.875
7419.268241	46.875
7429.268241	46.875
7439.268241	46.875
7449.268241	46.875
7459.268241	46.875
7469.268241	46.875
7479.268241	46.875
7489.268241	46.875
7499.268241	46.875
7509.268241	46.875
7519.268241	46.875
7529.268241	46.875
7539.268241	46.875
7549.268241	46.875
7559.268241	46.875
7569.268241	50
7579.268241	50
7589.268241	50
7599.268241	50
7609.268241	50
7619.268241	50
7629.268241	50
7639.268241	50
7649.268241	50
7659.268241	50
7669.268241	50
7679.268241	50
7689.268241	50
7699.268241	50
7709.268241	50
7719.268241	50
7729.268241	50
7739.268241	50
7749.268241	50
7759.268241	50
7769.268241	50
7779.268241	50
7789.268241	50
7799.268241	50
7809.268241	50
7819.268241	50
7829.268241	50
7839.268241	50
7849.268241	50
7859.268241	50
7869.268241	50
7879.268241	50
7889.268241	50
7899.268241	50
7909.268241	50
7919.268241	50
7929.268241	50
7939.268241	50
7949.268241	50
7959.268241	50
7969.268241	50
7979.268241	50
7989.268241	50
7999.268241	50
8009.268241	50
8019.268241	50
8029.268241	50
8039.268241	50
8049.268241	50
8059.268241	50
8069.268241	50
8079.268241	50
8089.268241	50
8099.268241	50
8109.268241	50
8119.268241	50
8129.268241	50
8139.268241	50
8149.268241	50
8159.268241	50
8169.268241	50
8179.268241	50
8189.268241	50
8199.268241	50
8209.268241	50
8219.268241	50
8229.268241	50
8239.268241	50
8249.268241	50
8259.268241	50
8269.268241	50
8279.268241	50
8289.268241	50
8299.268241	50
8309.268241	50
8319.268241	50
8329.268241	50
8339.268241	50
8349.268241	50
8359.268241	50
8369.268241	50
8379.268241	50
8389.268241	50
8399.268241	50
8409.268241	50
8419.268241	50
8429.268241	50
8439.268241	50
8449.268241	50
8459.268241	50
8469.268241	50
8479.268241	50
8489.268241	50
8499.268241	50
8509.268241	50
8519.268241	50
8529.268241	50
8539.268241	50
8549.268241	50
8559.268241	50
8569.268241	50
8579.268241	50
8589.268241	50
8599.268241	50
8609.268241	50
8619.268241	50
8629.268241	50
8639.268241	50
8649.268241	50
8659.268241	50
8669.268241	50
8679.268241	50
8689.268241	50
8699.268241	50
8709.268241	50
8719.268241	50
8729.268241	50
8739.268241	50
8749.268241	50
8759.268241	53.125
8769.268241	53.125
8779.268241	53.125
8789.268241	53.125
8799.268241	53.125
8809.268241	53.125
8819.268241	53.125
8829.268241	53.125
8839.268241	53.125
8849.268241	53.125
8859.268241	53.125
8869.268241	56.25
8879.268241	56.25
8889.268241	56.25
8899.268241	56.25
8909.268241	56.25
8919.268241	56.25
8929.268241	56.25
8939.268241	56.25
8949.268241	56.25
8959.268241	56.25
8969.268241	56.25
8979.268241	56.25
8989.268241	56.25
8999.268241	56.25
9009.268241	56.25
9019.268241	56.25
9029.268241	56.25
9039.268241	56.25
9049.268241	56.25
9059.268241	56.25
9069.268241	56.25
9079.268241	56.25
9089.268241	56.25
9099.268241	56.25
9109.268241	56.25
9119.268241	56.25
9129.268241	56.25
9139.268241	56.25
9149.268241	56.25
9159.268241	56.25
9169.268241	56.25
9179.268241	56.25
9189.268241	56.25
9199.268241	56.25
9209.268241	56.25
9219.268241	56.25
9229.268241	56.25
9239.268241	56.25
9249.268241	56.25
9259.268241	56.25
9269.268241	56.25
9279.268241	56.25
9289.268241	56.25
9299.268241	56.25
9309.268241	56.25
9319.268241	56.25
9329.268241	56.25
9339.268241	56.25
9349.268241	56.25
9359.268241	56.25
9369.268241	56.25
9379.268241	56.25
9389.268241	56.25
9399.268241	56.25
9409.268241	56.25
9419.268241	56.25
9429.268241	56.25
9439.268241	56.25
9449.268241	56.25
9459.268241	56.25
9469.268241	56.25
9479.268241	56.25
9489.268241	56.25
9499.268241	56.25
9509.268241	56.25
9519.268241	56.25
9529.268241	56.25
9539.268241	56.25
9549.268241	56.25
9559.268241	56.25
9569.268241	56.25
9579.268241	56.25
9589.268241	56.25
9599.268241	56.25
9609.268241	56.25
9619.268241	56.25
9629.268241	56.25
9639.268241	56.25
9649.268241	56.25
9659.268241	56.25
9669.268241	56.25
9679.268241	56.25
9689.268241	56.25
9699.268241	56.25
9709.268241	56.25
9719.268241	56.25
9729.268241	56.25
9739.268241	56.25
9749.268241	56.25
9759.268241	56.25
9769.268241	56.25
9779.268241	56.25
9789.268241	56.25
9799.268241	56.25
9809.268241	56.25
9819.268241	56.25
9829.268241	56.25
9839.268241	56.25
9849.268241	56.25
9859.268241	56.25
9869.268241	56.25
9879.268241	56.25
9889.268241	56.25
9899.268241	56.25
9909.268241	56.25
9919.268241	56.25
9929.268241	56.25
9939.268241	56.25
9949.268241	56.25
9959.268241	56.25
9969.268241	56.25
9979.268241	56.25
9989.268241	56.25
9999.268241	56.25
10009.268241	56.25
10019.268241	56.25
10029.268241	56.25
10039.268241	56.25
10049.268241	56.25
10059.268241	56.25
10069.268241	56.25
10079.268241	56.25
10089.268241	56.25
10099.268241	56.25
10109.268241	56.25
10119.268241	56.25
10129.268241	56.25
10139.268241	56.25
10149.268241	56.25
10159.268241	56.25
10169.268241	56.25
10179.268241	56.25
10189.268241	56.25
10199.268241	56.25
10209.268241	56.25
10219.268241	56.25
10229.268241	56.25
10239.268241	56.25
10249.268241	56.25
10259.268241	56.25
10269.268241	56.25
10279.268241	56.25
10289.268241	56.25
10299.268241	56.25
10309.268241	56.25
10319.268241	56.25
10329.268241	56.25
10339.268241	56.25
10349.268241	56.25
10359.268241	56.25
10369.268241	56.25
10379.268241	56.25
10389.268241	56.25
10399.268241	56.25
10409.268241	56.25
10419.268241	56.25
10429.268241	56.25
10439.268241	56.25
10449.268241	56.25
10459.268241	56.25
10469.268241	56.25
10479.268241	56.25
10489.268241	56.25
10499.268241	56.25
10509.268241	56.25
10519.268241	56.25
10529.268241	56.25
10539.268241	56.25
10549.268241	56.25
10559.268241	56.25
10569.268241	56.25
10579.268241	56.25
10589.268241	56.25
10599.268241	56.25
10609.268241	56.25
10619.268241	56.25
10629.268241	56.25
10639.268241	56.25
10649.268241	56.25
10659.268241	56.25
10669.268241	56.25
10679.268241	56.25
10689.268241	56.25
10699.268241	56.25
10709.268241	56.25
10719.268241	56.25
10729.268241	56.25
10739.268241	56.25
10749.268241	56.25
10759.268241	56.25
10769.268241	56.25
10779.268241	56.25
10789.268241	56.25
10799.268241	56.25
10809.268241	56.25
10819.268241	56.25
10829.268241	56.25
10839.268241	56.25
10849.268241	56.25
10859.268241	56.25
10869.268241	56.25
10879.268241	56.25
10889.268241	56.25
10899.268241	56.25
10909.268241	56.25
10919.268241	56.25
10929.268241	56.25
10939.268241	56.25
10949.268241	56.25
10959.268241	56.25
10969.268241	56.25
10979.268241	56.25
10989.268241	56.25
10999.268241	56.25
11009.268241	56.25
11019.268241	56.25
11029.268241	56.25
11039.268241	56.25
11049.268241	56.25
11059.268241	56.25
11069.268241	56.25
11079.268241	56.25
11089.268241	56.25
11099.268241	56.25
11109.268241	56.25
11119.268241	56.25
11129.268241	56.25
11139.268241	56.25
11149.268241	56.25
11159.268241	56.25
11169.268241	56.25
11179.268241	56.25
11189.268241	56.25
11199.268241	56.25
11209.268241	56.25
11219.268241	56.25
11229.268241	56.25
11239.268241	56.25
11249.268241	56.25
11259.268241	56.25
11269.268241	56.25
11279.268241	56.25
11289.268241	56.25
11299.268241	56.25
11309.268241	56.25
11319.268241	56.25
11329.268241	56.25
11339.268241	56.25
11349.268241	56.25
11359.268241	56.25
11369.268241	56.25
11379.268241	56.25
11389.268241	56.25
11399.268241	56.25
11409.268241	56.25
11419.268241	56.25
11429.268241	56.25
11439.268241	56.25
11449.268241	56.25
11459.268241	56.25
11469.268241	56.25
11479.268241	56.25
11489.268241	56.25
11499.268241	56.25
11509.268241	59.375
11519.268241	59.375
11529.268241	59.375
11539.268241	59.375
11549.268241	59.375
11559.268241	59.375
11569.268241	59.375
11579.268241	59.375
11589.268241	59.375
11599.268241	59.375
11609.268241	59.375
11619.268241	59.375
11629.268241	59.375
11639.268241	59.375
11649.268241	59.375
11659.268241	59.375
11669.268241	59.375
11679.268241	59.375
11689.268241	59.375
11699.268241	59.375
11709.268241	59.375
11719.268241	59.375
11729.268241	59.375
11739.268241	62.5
11749.268241	62.5
11759.268241	62.5
11769.268241	62.5
11779.268241	62.5
11789.268241	62.5
11799.268241	62.5
11809.268241	62.5
11819.268241	65.625
11829.268241	65.625
11839.268241	68.75
11849.268241	68.75
11859.268241	68.75
11869.268241	68.75
11879.268241	68.75
11889.268241	68.75
11899.268241	68.75
11909.268241	68.75
11919.268241	68.75
11929.268241	68.75
11939.268241	68.75
11949.268241	68.75
11959.268241	68.75
11969.268241	68.75
11979.268241	68.75
11989.268241	68.75
11999.268241	68.75
12009.268241	68.75
12019.268241	68.75
12029.268241	68.75
12039.268241	68.75
12049.268241	68.75
12059.268241	68.75
12069.268241	68.75
12079.268241	68.75
12089.268241	68.75
12099.268241	68.75
12109.268241	68.75
12119.268241	68.75
12129.268241	68.75
12139.268241	68.75
12149.268241	68.75
12159.268241	68.75
12169.268241	68.75
12179.268241	68.75
12189.268241	68.75
12199.268241	68.75
12209.268241	68.75
12219.268241	68.75
12229.268241	68.75
12239.268241	68.75
12249.268241	68.75
12259.268241	68.75
12269.268241	68.75
12279.268241	68.75
12289.268241	68.75
12299.268241	68.75
12309.268241	68.75
12319.268241	68.75
12329.268241	68.75
12339.268241	68.75
12349.268241	68.75
12359.268241	68.75
12369.268241	68.75
12379.268241	68.75
12389.268241	68.75
12399.268241	68.75
12409.268241	68.75
12419.268241	68.75
12429.268241	68.75
12439.268241	68.75
12449.268241	68.75
12459.268241	68.75
12469.268241	68.75
12479.268241	68.75
12489.268241	68.75
12499.268241	68.75
12509.268241	68.75
12519.268241	68.75
12529.268241	68.75
12539.268241	68.75
12549.268241	68.75
12559.268241	68.75
12569.268241	68.75
12579.268241	68.75
12589.268241	68.75
12599.268241	68.75
12609.268241	68.75
12619.268241	68.75
12629.268241	68.75
12639.268241	68.75
12649.268241	68.75
12659.268241	68.75
12669.268241	68.75
12679.268241	68.75
12689.268241	68.75
12699.268241	68.75
12709.268241	68.75
12719.268241	68.75
12729.268241	68.75
12739.268241	68.75
12749.268241	68.75
12759.268241	68.75
12769.268241	68.75
12779.268241	68.75
12789.268241	68.75
12799.268241	68.75
12809.268241	68.75
12819.268241	68.75
12829.268241	68.75
12839.268241	68.75
12849.268241	68.75
12859.268241	68.75
12869.268241	68.75
12879.268241	68.75
12889.268241	68.75
12899.268241	68.75
12909.268241	68.75
12919.268241	68.75
12929.268241	68.75
12939.268241	68.75
12949.268241	68.75
12959.268241	68.75
12969.268241	68.75
12979.268241	68.75
12989.268241	68.75
12999.268241	68.75
13009.268241	68.75
13019.268241	68.75
13029.268241	68.75
13039.268241	68.75
13049.268241	68.75
13059.268241	68.75
13069.268241	68.75
13079.268241	68.75
13089.268241	68.75
13099.268241	68.75
13109.268241	68.75
13119.268241	68.75
13129.268241	68.75
13139.268241	68.75
13149.268241	68.75
13159.268241	68.75
13169.268241	68.75
13179.268241	68.75
13189.268241	68.75
13199.268241	68.75
13209.268241	68.75
13219.268241	68.75
13229.268241	68.75
13239.268241	68.75
13249.268241	68.75
13259.268241	68.75
13269.268241	68.75
13279.268241	68.75
13289.268241	68.75
13299.268241	68.75
13309.268241	68.75
13319.268241	68.75
13329.268241	68.75
13339.268241	68.75
13349.268241	68.75
13359.268241	68.75
13369.268241	68.75
13379.268241	68.75
13389.268241	68.75
13399.268241	68.75
13409.268241	68.75
13419.268241	68.75
13429.268241	68.75
13439.268241	68.75
13449.268241	68.75
13459.268241	68.75
13469.268241	68.75
13479.268241	68.75
13489.268241	68.75
13499.268241	68.75
13509.268241	68.75
13519.268241	68.75
13529.268241	68.75
13539.268241	68.75
13549.268241	68.75
13559.268241	68.75
13569.268241	68.75
13579.268241	68.75
13589.268241	68.75
13599.268241	68.75
13609.268241	68.75
13619.268241	68.75
13629.268241	68.75
13639.268241	68.75
13649.268241	68.75
13659.268241	68.75
13669.268241	68.75
13679.268241	68.75
13689.268241	68.75
13699.268241	68.75
13709.268241	68.75
13719.268241	68.75
13729.268241	68.75
13739.268241	68.75
13749.268241	68.75
13759.268241	68.75
13769.268241	68.75
13779.268241	68.75
13789.268241	68.75
13799.268241	68.75
13809.268241	68.75
13819.268241	68.75
13829.268241	68.75
13839.268241	68.75
13849.268241	68.75
13859.268241	68.75
13869.268241	68.75
13879.268241	68.75
13889.268241	68.75
13899.268241	68.75
13909.268241	68.75
13919.268241	68.75
13929.268241	68.75
13939.268241	68.75
13949.268241	68.75
13959.268241	68.75
13969.268241	68.75
13979.268241	68.75
13989.268241	68.75
13999.268241	68.75
14009.268241	68.75
14019.268241	68.75
14029.268241	68.75
14039.268241	68.75
14049.268241	68.75
14059.268241	68.75
14069.268241	68.75
14079.268241	68.75
14089.268241	68.75
14099.268241	68.75
14109.268241	68.75
14119.268241	68.75
14129.268241	68.75
14139.268241	68.75
14149.268241	68.75
14159.268241	68.75
14169.268241	68.75
14179.268241	68.75
14189.268241	68.75
14199.268241	68.75
14209.268241	68.75
14219.268241	68.75
14229.268241	68.75
14239.268241	68.75
14249.268241	68.75
14259.268241	68.75
14269.268241	68.75
14279.268241	68.75
14289.268241	68.75
14299.268241	68.75
14309.268241	68.75
14319.268241	68.75
14329.268241	68.75
14339.268241	68.75
14349.268241	68.75
14359.268241	68.75
14369.268241	68.75
14379.268241	68.75
14389.268241	68.75
14399.268241	68.75
14409.268241	68.75
14419.268241	68.75
14429.268241	68.75
14439.268241	68.75
14449.268241	68.75
14459.268241	68.75
14469.268241	68.75
14479.268241	68.75
14489.268241	68.75
14499.268241	68.75
14509.268241	68.75
14519.268241	68.75
14529.268241	68.75
14539.268241	68.75
14549.268241	68.75
14559.268241	68.75
14569.268241	68.75
14579.268241	68.75
14589.268241	68.75
14599.268241	68.75
14609.268241	68.75
14619.268241	68.75
14629.268241	68.75
14639.268241	68.75
14649.268241	68.75
14659.268241	68.75
14669.268241	68.75
14679.268241	68.75
14689.268241	68.75
14699.268241	68.75
14709.268241	68.75
14719.268241	68.75
14729.268241	68.75
14739.268241	68.75
14749.268241	68.75
14759.268241	68.75
14769.268241	68.75
14779.268241	68.75
14789.268241	68.75
14799.268241	68.75
14809.268241	68.75
14819.268241	68.75
14829.268241	68.75
14839.268241	68.75
14849.268241	68.75
14859.268241	68.75
14869.268241	68.75
14879.268241	68.75
14889.268241	68.75
14899.268241	68.75
14909.268241	68.75
14919.268241	68.75
14929.268241	68.75
14939.268241	68.75
14949.268241	68.75
14959.268241	68.75
14969.268241	68.75
14979.268241	68.75
14989.268241	68.75
14999.268241	68.75
15009.268241	68.75
15019.268241	68.75
15029.268241	68.75
15039.268241	68.75
15049.268241	68.75
15059.268241	68.75
15069.268241	68.75
15079.268241	68.75
15089.268241	68.75
15099.268241	68.75
15109.268241	68.75
15119.268241	68.75
15129.268241	68.75
15139.268241	68.75
15149.268241	68.75
15159.268241	68.75
15169.268241	68.75
15179.268241	68.75
15189.268241	68.75
15199.268241	68.75
15209.268241	68.75
15219.268241	68.75
15229.268241	68.75
15239.268241	68.75
15249.268241	68.75
15259.268241	68.75
15269.268241	68.75
15279.268241	68.75
15289.268241	68.75
15299.268241	68.75
15309.268241	68.75
15319.268241	68.75
15329.268241	68.75
15339.268241	68.75
15349.268241	68.75
15359.268241	71.875
15369.268241	71.875
15379.268241	71.875
15389.268241	71.875
15399.268241	71.875
15409.268241	71.875
15419.268241	71.875
15429.268241	71.875
15439.268241	71.875
15449.268241	71.875
15459.268241	71.875
15469.268241	75
15479.268241	75
15489.268241	75
15499.268241	75
15509.268241	75
15519.268241	75
15529.268241	75
15539.268241	75
15549.268241	75
15559.268241	75
15569.268241	75
15579.268241	75
15589.268241	75
15599.268241	75
15609.268241	75
15619.268241	75
15629.268241	75
15639.268241	75
15649.268241	75
15659.268241	75
15669.268241	75
15679.268241	75
15689.268241	75
15699.268241	75
15709.268241	75
15719.268241	75
15729.268241	75
15739.268241	75
15749.268241	75
15759.268241	75
15769.268241	75
15779.268241	75
15789.268241	75
15799.268241	75
15809.268241	75
15819.268241	75
15829.268241	78.125
15839.268241	78.125
15849.268241	78.125
15859.268241	78.125
15869.268241	78.125
15879.268241	78.125
15889.268241	78.125
15899.268241	78.125
15909.268241	81.25
15919.268241	81.25
15929.268241	81.25
15939.268241	81.25
15949.268241	81.25
15959.268241	81.25
15969.268241	81.25
15979.268241	81.25
15989.268241	81.25
15999.268241	81.25
16009.268241	81.25
16019.268241	81.25
16029.268241	81.25
16039.268241	81.25
16049.268241	81.25
16059.268241	81.25
16069.268241	81.25
16079.268241	81.25
16089.268241	81.25
16099.268241	81.25
16109.268241	81.25
16119.268241	81.25
16129.268241	81.25
16139.268241	81.25
16149.268241	81.25
16159.268241	81.25
16169.268241	81.25
16179.268241	81.25
16189.268241	81.25
16199.268241	81.25
16209.268241	81.25
16219.268241	81.25
16229.268241	81.25
16239.268241	81.25
16249.268241	81.25
16259.268241	81.25
16269.268241	81.25
16279.268241	81.25
16289.268241	81.25
16299.268241	81.25
16309.268241	81.25
16319.268241	81.25
16329.268241	81.25
16339.268241	81.25
16349.268241	81.25
16359.268241	81.25
16369.268241	81.25
16379.268241	81.25
16389.268241	81.25
16399.268241	81.25
16409.268241	81.25
16419.268241	81.25
16429.268241	81.25
16439.268241	81.25
16449.268241	81.25
16459.268241	81.25
16469.268241	81.25
16479.268241	81.25
16489.268241	81.25
16499.268241	81.25
16509.268241	81.25
16519.268241	81.25
16529.268241	81.25
16539.268241	81.25
16549.268241	81.25
16559.268241	81.25
16569.268241	81.25
16579.268241	81.25
16589.268241	81.25
16599.268241	81.25
16609.268241	81.25
16619.268241	81.25
16629.268241	81.25
16639.268241	81.25
16649.268241	81.25
16659.268241	81.25
16669.268241	81.25
16679.268241	81.25
16689.268241	81.25
16699.268241	81.25
16709.268241	81.25
16719.268241	81.25
16729.268241	81.25
16739.268241	81.25
16749.268241	81.25
16759.268241	81.25
16769.268241	81.25
16779.268241	81.25
16789.268241	81.25
16799.268241	81.25
16809.268241	81.25
16819.268241	81.25
16829.268241	81.25
16839.268241	81.25
16849.268241	81.25
16859.268241	81.25
16869.268241	81.25
16879.268241	81.25
16889.268241	81.25
16899.268241	81.25
16909.268241	81.25
16919.268241	81.25
16929.268241	81.25
16939.268241	81.25
16949.268241	81.25
16959.268241	81.25
16969.268241	81.25
16979.268241	81.25
16989.268241	81.25
16999.268241	81.25
17009.268241	81.25
17019.268241	81.25
17029.268241	81.25
17039.268241	81.25
17049.268241	84.375
17059.268241	84.375
17069.268241	84.375
17079.268241	84.375
17089.268241	84.375
17099.268241	84.375
17109.268241	84.375
17119.268241	84.375
17129.268241	84.375
17139.268241	84.375
17149.268241	84.375
17159.268241	84.375
17169.268241	84.375
17179.268241	84.375
17189.268241	84.375
17199.268241	84.375
17209.268241	84.375
17219.268241	84.375
17229.268241	84.375
17239.268241	84.375
17249.268241	84.375
17259.268241	84.375
17269.268241	84.375
17279.268241	84.375
17289.268241	84.375
17299.268241	84.375
17309.268241	84.375
17319.268241	84.375
17329.268241	84.375
17339.268241	84.375
17349.268241	84.375
17359.268241	84.375
17369.268241	84.375
17379.268241	84.375
17389.268241	84.375
17399.268241	84.375
17409.268241	84.375
17419.268241	84.375
17429.268241	84.375
17439.268241	84.375
17449.268241	84.375
17459.268241	84.375
17469.268241	84.375
17479.268241	87.5
17489.268241	87.5
17499.268241	87.5
17509.268241	87.5
17519.268241	87.5
17529.268241	87.5
17539.268241	87.5
17549.268241	87.5
17559.268241	87.5
17569.268241	87.5
17579.268241	87.5
17589.268241	87.5
17599.268241	87.5
17609.268241	87.5
17619.268241	87.5
17629.268241	87.5
17639.268241	87.5
17649.268241	87.5
17659.268241	87.5
17669.268241	87.5
17679.268241	87.5
17689.268241	87.5
17699.268241	87.5
17709.268241	87.5
17719.268241	87.5
17729.268241	87.5
17739.268241	87.5
17749.268241	87.5
17759.268241	87.5
17769.268241	87.5
17779.268241	87.5
17789.268241	87.5
17799.268241	87.5
17809.268241	87.5
17819.268241	87.5
17829.268241	87.5
17839.268241	87.5
17849.268241	87.5
17859.268241	87.5
17869.268241	87.5
17879.268241	87.5
17889.268241	87.5
17899.268241	87.5
17909.268241	87.5
17919.268241	87.5
17929.268241	87.5
17939.268241	87.5
17949.268241	87.5
17959.268241	87.5
17969.268241	87.5
17979.268241	87.5
17989.268241	87.5
17999.268241	87.5
18009.268241	87.5
18019.268241	87.5
18029.268241	87.5
18039.268241	87.5
18049.268241	87.5
18059.268241	87.5
18069.268241	87.5
18079.268241	87.5
18089.268241	87.5
18099.268241	87.5
18109.268241	87.5
18119.268241	87.5
18129.268241	87.5
18139.268241	87.5
18149.268241	87.5
18159.268241	87.5
18169.268241	87.5
18179.268241	87.5
18189.268241	87.5
18199.268241	87.5
18209.268241	87.5
18219.268241	87.5
18229.268241	87.5
18239.268241	87.5
18249.268241	87.5
18259.268241	87.5
18269.268241	87.5
18279.268241	87.5
18289.268241	87.5
18299.268241	87.5
18309.268241	87.5
18319.268241	87.5
18329.268241	87.5
18339.268241	87.5
18349.268241	87.5
18359.268241	87.5
18369.268241	87.5
18379.268241	87.5
18389.268241	87.5
18399.268241	87.5
18409.268241	87.5
18419.268241	87.5
18429.268241	87.5
18439.268241	87.5
18449.268241	87.5
18459.268241	87.5
18469.268241	87.5
18479.268241	87.5
18489.268241	87.5
18499.268241	87.5
18509.268241	87.5
18519.268241	87.5
18529.268241	87.5
18539.268241	87.5
18549.268241	87.5
18559.268241	87.5
18569.268241	87.5
18579.268241	87.5
18589.268241	87.5
18599.268241	87.5
18609.268241	87.5
18619.268241	87.5
18629.268241	87.5
18639.268241	87.5
18649.268241	87.5
18659.268241	87.5
18669.268241	87.5
18679.268241	87.5
18689.268241	87.5
18699.268241	87.5
18709.268241	87.5
18719.268241	87.5
18729.268241	87.5
18739.268241	87.5
18749.268241	87.5
18759.268241	87.5
18769.268241	87.5
18779.268241	87.5
18789.268241	87.5
18799.268241	87.5
18809.268241	87.5
18819.268241	87.5
18829.268241	87.5
18839.268241	87.5
18849.268241	87.5
18859.268241	87.5
18869.268241	87.5
18879.268241	87.5
18889.268241	87.5
18899.268241	87.5
18909.268241	87.5
18919.268241	87.5
18929.268241	87.5
18939.268241	87.5
18949.268241	87.5
18959.268241	87.5
18969.268241	87.5
18979.268241	87.5
18989.268241	87.5
18999.268241	87.5
19009.268241	87.5
19019.268241	87.5
19029.268241	87.5
19039.268241	87.5
19049.268241	87.5
19059.268241	87.5
19069.268241	87.5
19079.268241	87.5
19089.268241	87.5
19099.268241	87.5
19109.268241	87.5
19119.268241	87.5
19129.268241	87.5
19139.268241	87.5
19149.268241	87.5
19159.268241	87.5
19169.268241	87.5
19179.268241	87.5
19189.268241	87.5
19199.268241	87.5
19209.268241	87.5
19219.268241	87.5
19229.268241	87.5
19239.268241	87.5
19249.268241	87.5
19259.268241	87.5
19269.268241	87.5
19279.268241	87.5
19289.268241	87.5
19299.268241	87.5
19309.268241	87.5
19319.268241	87.5
19329.268241	87.5
19339.268241	87.5
19349.268241	87.5
19359.268241	87.5
19369.268241	87.5
19379.268241	87.5
19389.268241	87.5
19399.268241	87.5
19409.268241	87.5
19419.268241	87.5
19429.268241	87.5
19439.268241	87.5
19449.268241	87.5
19459.268241	87.5
19469.268241	87.5
19479.268241	87.5
19489.268241	87.5
19499.268241	87.5
19509.268241	87.5
19519.268241	87.5
19529.268241	87.5
19539.268241	87.5
19549.268241	87.5
19559.268241	87.5
19569.268241	87.5
19579.268241	87.5
19589.268241	87.5
19599.268241	87.5
19609.268241	87.5
19619.268241	87.5
19629.268241	87.5
19639.268241	87.5
19649.268241	87.5
19659.268241	87.5
19669.268241	87.5
19679.268241	87.5
19689.268241	87.5
19699.268241	87.5
19709.268241	87.5
19719.268241	87.5
19729.268241	87.5
19739.268241	87.5
19749.268241	87.5
19759.268241	87.5
19769.268241	87.5
19779.268241	87.5
19789.268241	87.5
19799.268241	87.5
19809.268241	87.5
19819.268241	87.5
19829.268241	87.5
19839.268241	87.5
19849.268241	87.5
19859.268241	87.5
19869.268241	87.5
19879.268241	87.5
19889.268241	87.5
19899.268241	87.5
19909.268241	87.5
19919.268241	87.5
19929.268241	87.5
19939.268241	87.5
19949.268241	87.5
19959.268241	87.5
19969.268241	87.5
19979.268241	87.5
19989.268241	87.5
19999.268241	87.5
20009.268241	87.5
20019.268241	87.5
20029.268241	87.5
20039.268241	87.5
20049.268241	87.5
20059.268241	87.5
20069.268241	87.5
20079.268241	87.5
20089.268241	87.5
20099.268241	87.5
20109.268241	87.5
20119.268241	87.5
20129.268241	87.5
20139.268241	87.5
20149.268241	87.5
20159.268241	87.5
20169.268241	87.5
20179.268241	87.5
20189.268241	87.5
20199.268241	87.5
20209.268241	87.5
20219.268241	87.5
20229.268241	87.5
20239.268241	87.5
20249.268241	87.5
20259.268241	87.5
20269.268241	87.5
20279.268241	87.5
20289.268241	87.5
20299.268241	87.5
20309.268241	87.5
20319.268241	87.5
20329.268241	87.5
20339.268241	87.5
20349.268241	87.5
20359.268241	87.5
20369.268241	87.5
20379.268241	87.5
20389.268241	87.5
20399.268241	87.5
20409.268241	87.5
20419.268241	87.5
20429.268241	87.5
20439.268241	87.5
20449.268241	87.5
20459.268241	87.5
20469.268241	87.5
20479.268241	87.5
20489.268241	87.5
20499.268241	87.5
20509.268241	87.5
20519.268241	87.5
20529.268241	87.5
20539.268241	87.5
20549.268241	87.5
20559.268241	87.5
20569.268241	87.5
20579.268241	87.5
20589.268241	87.5
20599.268241	87.5
20609.268241	87.5
20619.268241	87.5
20629.268241	87.5
20639.268241	87.5
20649.268241	87.5
20659.268241	87.5
20669.268241	87.5
20679.268241	87.5
20689.268241	87.5
20699.268241	87.5
20709.268241	87.5
20719.268241	87.5
20729.268241	87.5
20739.268241	87.5
20749.268241	87.5
20759.268241	87.5
20769.268241	87.5
20779.268241	87.5
20789.268241	87.5
20799.268241	87.5
20809.268241	87.5
20819.268241	87.5
20829.268241	87.5
20839.268241	87.5
20849.268241	87.5
20859.268241	87.5
20869.268241	87.5
20879.268241	87.5
20889.268241	87.5
20899.268241	87.5
20909.268241	87.5
20919.268241	87.5
20929.268241	87.5
20939.268241	87.5
20949.268241	87.5
20959.268241	87.5
20969.268241	87.5
20979.268241	87.5
20989.268241	87.5
20999.268241	87.5
21009.268241	87.5
21019.268241	87.5
21029.268241	87.5
21039.268241	87.5
21049.268241	87.5
21059.268241	87.5
21069.268241	87.5
21079.268241	87.5
21089.268241	87.5
21099.268241	87.5
21109.268241	87.5
21119.268241	87.5
21129.268241	87.5
21139.268241	87.5
21149.268241	87.5
21159.268241	87.5
21169.268241	87.5
21179.268241	87.5
21189.268241	87.5
21199.268241	87.5
21209.268241	87.5
21219.268241	87.5
21229.268241	87.5
21239.268241	87.5
21249.268241	87.5
21259.268241	87.5
21269.268241	87.5
21279.268241	87.5
21289.268241	87.5
21299.268241	87.5
21309.268241	87.5
21319.268241	87.5
21329.268241	87.5
21339.268241	87.5
21349.268241	87.5
21359.268241	87.5
21369.268241	87.5
21379.268241	87.5
21389.268241	87.5
21399.268241	87.5
21409.268241	87.5
21419.268241	87.5
21429.268241	90.625
21439.268241	90.625
21449.268241	90.625
21459.268241	90.625
21469.268241	90.625
21479.268241	90.625
21489.268241	90.625
21499.268241	90.625
21509.268241	90.625
21519.268241	90.625
21529.268241	90.625
21539.268241	90.625
21549.268241	90.625
21559.268241	90.625
21569.268241	90.625
21579.268241	90.625
21589.268241	90.625
21599.268241	90.625
21609.268241	90.625
21619.268241	90.625
21629.268241	90.625
21639.268241	90.625
21649.268241	90.625
21659.268241	90.625
21669.268241	90.625
21679.268241	90.625
21689.268241	90.625
21699.268241	90.625
21709.268241	90.625
21719.268241	90.625
21729.268241	90.625
21739.268241	90.625
21749.268241	90.625
21759.268241	90.625
21769.268241	90.625
21779.268241	90.625
21789.268241	90.625
21799.268241	90.625
21809.268241	90.625
21819.268241	90.625
21829.268241	90.625
21839.268241	90.625
21849.268241	90.625
21859.268241	90.625
21869.268241	90.625
21879.268241	90.625
21889.268241	90.625
21899.268241	90.625
21909.268241	90.625
21919.268241	90.625
21929.268241	90.625
21939.268241	90.625
21949.268241	90.625
21959.268241	90.625
21969.268241	90.625
21979.268241	90.625
21989.268241	90.625
21999.268241	90.625
22009.268241	90.625
22019.268241	90.625
22029.268241	90.625
22039.268241	90.625
22049.268241	90.625
22059.268241	90.625
22069.268241	90.625
22079.268241	90.625
22089.268241	90.625
22099.268241	90.625
22109.268241	90.625
22119.268241	90.625
22129.268241	90.625
22139.268241	90.625
22149.268241	90.625
22159.268241	90.625
22169.268241	90.625
22179.268241	90.625
22189.268241	90.625
22199.268241	90.625
22209.268241	90.625
22219.268241	90.625
22229.268241	90.625
22239.268241	90.625
22249.268241	90.625
22259.268241	90.625
22269.268241	90.625
22279.268241	90.625
22289.268241	90.625
22299.268241	90.625
22309.268241	90.625
22319.268241	90.625
22329.268241	90.625
22339.268241	90.625
22349.268241	90.625
22359.268241	90.625
22369.268241	90.625
22379.268241	90.625
22389.268241	90.625
22399.268241	90.625
22409.268241	90.625
22419.268241	90.625
22429.268241	90.625
22439.268241	90.625
22449.268241	90.625
22459.268241	90.625
22469.268241	90.625
22479.268241	90.625
22489.268241	90.625
22499.268241	90.625
22509.268241	90.625
22519.268241	90.625
22529.268241	90.625
22539.268241	90.625
22549.268241	90.625
22559.268241	90.625
22569.268241	90.625
22579.268241	90.625
22589.268241	90.625
22599.268241	90.625
22609.268241	90.625
22619.268241	90.625
22629.268241	90.625
22639.268241	90.625
22649.268241	90.625
22659.268241	90.625
22669.268241	90.625
22679.268241	90.625
22689.268241	90.625
22699.268241	90.625
22709.268241	90.625
22719.268241	90.625
22729.268241	90.625
22739.268241	90.625
22749.268241	90.625
22759.268241	90.625
22769.268241	90.625
22779.268241	90.625
22789.268241	90.625
22799.268241	90.625
22809.268241	90.625
22819.268241	90.625
22829.268241	90.625
22839.268241	90.625
22849.268241	90.625
22859.268241	90.625
22869.268241	90.625
22879.268241	90.625
22889.268241	90.625
22899.268241	90.625
22909.268241	90.625
22919.268241	90.625
22929.268241	90.625
22939.268241	90.625
22949.268241	90.625
22959.268241	90.625
22969.268241	90.625
22979.268241	90.625
22989.268241	90.625
22999.268241	90.625
23009.268241	90.625
23019.268241	90.625
23029.268241	90.625
23039.268241	90.625
23049.268241	90.625
23059.268241	90.625
23069.268241	90.625
23079.268241	90.625
23089.268241	90.625
23099.268241	90.625
23109.268241	90.625
23119.268241	90.625
23129.268241	90.625
23139.268241	90.625
23149.268241	90.625
23159.268241	90.625
23169.268241	90.625
23179.268241	90.625
23189.268241	90.625
23199.268241	90.625
23209.268241	90.625
23219.268241	90.625
23229.268241	90.625
23239.268241	90.625
23249.268241	90.625
23259.268241	90.625
23269.268241	90.625
23279.268241	90.625
23289.268241	90.625
23299.268241	90.625
23309.268241	90.625
23319.268241	90.625
23329.268241	90.625
23339.268241	90.625
23349.268241	93.75
23359.268241	93.75
23369.268241	93.75
23379.268241	93.75
23389.268241	93.75
23399.268241	93.75
23409.268241	93.75
23419.268241	93.75
23429.268241	93.75
23439.268241	93.75
23449.268241	93.75
23459.268241	93.75
23469.268241	93.75
23479.268241	93.75
23489.268241	93.75
23499.268241	93.75
23509.268241	93.75
23519.268241	93.75
23529.268241	93.75
23539.268241	93.75
23549.268241	93.75
23559.268241	93.75
23569.268241	93.75
23579.268241	93.75
23589.268241	93.75
23599.268241	93.75
23609.268241	93.75
23619.268241	93.75
23629.268241	93.75
23639.268241	93.75
23649.268241	93.75
23659.268241	93.75
23669.268241	93.75
23679.268241	93.75
23689.268241	93.75
23699.268241	93.75
23709.268241	93.75
23719.268241	93.75
23729.268241	93.75
23739.268241	93.75
23749.268241	93.75
23759.268241	93.75
23769.268241	93.75
23779.268241	93.75
23789.268241	93.75
23799.268241	93.75
23809.268241	93.75
23819.268241	93.75
23829.268241	93.75
23839.268241	93.75
23849.268241	93.75
23859.268241	93.75
23869.268241	93.75
23879.268241	93.75
23889.268241	93.75
23899.268241	93.75
23909.268241	93.75
23919.268241	93.75
23929.268241	93.75
23939.268241	93.75
23949.268241	93.75
23959.268241	93.75
23969.268241	93.75
23979.268241	93.75
23989.268241	93.75
23999.268241	93.75
24009.268241	93.75
24019.268241	93.75
24029.268241	93.75
24039.268241	93.75
24049.268241	93.75
24059.268241	93.75
24069.268241	93.75
24079.268241	93.75
24089.268241	93.75
24099.268241	93.75
24109.268241	93.75
24119.268241	93.75
24129.268241	93.75
24139.268241	93.75
24149.268241	93.75
24159.268241	93.75
24169.268241	93.75
24179.268241	93.75
24189.268241	93.75
24199.268241	93.75
24209.268241	93.75
24219.268241	93.75
24229.268241	93.75
24239.268241	93.75
24249.268241	93.75
24259.268241	93.75
24269.268241	93.75
24279.268241	93.75
24289.268241	93.75
24299.268241	93.75
24309.268241	93.75
24319.268241	93.75
24329.268241	93.75
24339.268241	93.75
24349.268241	93.75
24359.268241	93.75
24369.268241	93.75
24379.268241	93.75
24389.268241	93.75
24399.268241	93.75
24409.268241	93.75
24419.268241	93.75
24429.268241	93.75
24439.268241	93.75
24449.268241	93.75
24459.268241	93.75
24469.268241	93.75
24479.268241	93.75
24489.268241	93.75
24499.268241	93.75
24509.268241	93.75
24519.268241	93.75
24529.268241	93.75
24539.268241	93.75
24549.268241	93.75
24559.268241	93.75
24569.268241	93.75
24579.268241	93.75
24589.268241	93.75
24599.268241	93.75
24609.268241	93.75
24619.268241	93.75
24629.268241	93.75
24639.268241	93.75
24649.268241	93.75
24659.268241	93.75
24669.268241	93.75
24679.268241	93.75
24689.268241	93.75
24699.268241	93.75
24709.268241	93.75
24719.268241	93.75
24729.268241	93.75
24739.268241	93.75
24749.268241	93.75
24759.268241	93.75
24769.268241	93.75
24779.268241	93.75
24789.268241	93.75
24799.268241	93.75
24809.268241	93.75
24819.268241	93.75
24829.268241	93.75
24839.268241	93.75
24849.268241	93.75
24859.268241	93.75
24869.268241	93.75
24879.268241	93.75
24889.268241	93.75
24899.268241	93.75
24909.268241	93.75
24919.268241	93.75
24929.268241	93.75
24939.268241	93.75
24949.268241	93.75
24959.268241	93.75
24969.268241	93.75
24979.268241	93.75
24989.268241	93.75
24999.268241	93.75
25009.268241	93.75
25019.268241	93.75
25029.268241	93.75
25039.268241	93.75
25049.268241	93.75
25059.268241	93.75
25069.268241	93.75
25079.268241	93.75
25089.268241	93.75
25099.268241	93.75
25109.268241	93.75
25119.268241	93.75
25129.268241	93.75
25139.268241	93.75
25149.268241	93.75
25159.268241	93.75
25169.268241	93.75
25179.268241	96.875
25189.268241	96.875
25199.268241	96.875
25209.268241	96.875
25219.268241	96.875
25229.268241	96.875
25239.268241	96.875
25249.268241	96.875
25259.268241	96.875
25269.268241	96.875
25279.268241	96.875
25289.268241	96.875
25299.268241	96.875
25309.268241	96.875
25319.268241	96.875
25329.268241	96.875
25339.268241	96.875
25349.268241	96.875
25359.268241	96.875
25369.268241	96.875
25379.268241	96.875
25389.268241	96.875
25399.268241	96.875
25409.268241	96.875
25419.268241	96.875
25429.268241	96.875
25439.268241	96.875
25449.268241	96.875
25459.268241	96.875
25469.268241	96.875
25479.268241	96.875
25489.268241	96.875
25499.268241	96.875
25509.268241	96.875
25519.268241	96.875
25529.268241	96.875
25539.268241	96.875
25549.268241	96.875
25559.268241	96.875
25569.268241	96.875
25579.268241	96.875
25589.268241	96.875
25599.268241	96.875
25609.268241	96.875
25619.268241	96.875
25629.268241	96.875
25639.268241	96.875
25649.268241	96.875
25659.268241	96.875
25669.268241	96.875
25679.268241	96.875
25689.268241	96.875
25699.268241	96.875
25709.268241	96.875
25719.268241	96.875
25729.268241	96.875
25739.268241	96.875
25749.268241	96.875
25759.268241	96.875
25769.268241	96.875
25779.268241	96.875
25789.268241	96.875
25799.268241	96.875
25809.268241	96.875
25819.268241	96.875
25829.268241	96.875
25839.268241	96.875
25849.268241	96.875
25859.268241	96.875
25869.268241	96.875
25879.268241	96.875
25889.268241	96.875
25899.268241	96.875
25909.268241	96.875
25919.268241	96.875
25929.268241	96.875
25939.268241	96.875
25949.268241	96.875
25959.268241	96.875
25969.268241	96.875
25979.268241	96.875
25989.268241	96.875
25999.268241	96.875
26009.268241	96.875
26019.268241	96.875
26029.268241	96.875
26039.268241	96.875
26049.268241	96.875
26059.268241	96.875
26069.268241	96.875
26079.268241	96.875
26089.268241	96.875
26099.268241	96.875
26109.268241	96.875
26119.268241	96.875
26129.268241	96.875
26139.268241	96.875
26149.268241	96.875
26159.268241	96.875
26169.268241	96.875
26179.268241	96.875
26189.268241	96.875
26199.268241	96.875
26209.268241	96.875
26219.268241	96.875
26229.268241	96.875
26239.268241	96.875
26249.268241	96.875
26259.268241	96.875
26269.268241	96.875
26279.268241	96.875
26289.268241	96.875
26299.268241	96.875
26309.268241	96.875
26319.268241	96.875
26329.268241	96.875
26339.268241	96.875
26349.268241	96.875
26359.268241	96.875
26369.268241	96.875
26379.268241	96.875
26389.268241	96.875
26399.268241	96.875
26409.268241	96.875
26419.268241	96.875
26429.268241	96.875
26439.268241	96.875
26449.268241	96.875
26459.268241	96.875
26469.268241	96.875
26479.268241	96.875
26489.268241	96.875
26499.268241	96.875
26509.268241	96.875
26519.268241	96.875
26529.268241	96.875
26539.268241	96.875
26549.268241	96.875
26559.268241	96.875
26569.268241	96.875
26579.268241	96.875
26589.268241	96.875
26599.268241	96.875
26609.268241	96.875
26619.268241	96.875
26629.268241	96.875
26639.268241	96.875
26649.268241	96.875
26659.268241	96.875
26669.268241	96.875
26679.268241	96.875
26689.268241	96.875
26699.268241	96.875
26709.268241	96.875
26719.268241	96.875
26729.268241	96.875
26739.268241	96.875
26749.268241	96.875
26759.268241	96.875
26769.268241	96.875
26779.268241	96.875
26789.268241	96.875
26799.268241	96.875
26809.268241	96.875
26819.268241	96.875
26829.268241	96.875
26839.268241	96.875
26849.268241	96.875
26859.268241	96.875
26869.268241	96.875
26879.268241	96.875
26889.268241	96.875
26899.268241	96.875
26909.268241	96.875
26919.268241	96.875
26929.268241	96.875
26939.268241	96.875
26949.268241	96.875
26959.268241	96.875
26969.268241	96.875
26979.268241	96.875
26989.268241	96.875
26999.268241	96.875
27009.268241	96.875
27019.268241	96.875
27029.268241	96.875
27039.268241	96.875
27049.268241	96.875
27059.268241	96.875
27069.268241	96.875
27079.268241	96.875
27089.268241	96.875
27099.268241	96.875
27109.268241	96.875
27119.268241	96.875
27129.268241	96.875
27139.268241	96.875
27149.268241	96.875
27159.268241	96.875
27169.268241	96.875
27179.268241	96.875
27189.268241	96.875
27199.268241	96.875
27209.268241	96.875
27219.268241	96.875
27229.268241	96.875
27239.268241	96.875
27249.268241	96.875
27259.268241	96.875
27269.268241	96.875
27279.268241	96.875
27289.268241	96.875
27299.268241	96.875
27309.268241	96.875
27319.268241	96.875
27329.268241	96.875
27339.268241	96.875
27349.268241	96.875
27359.268241	96.875
27369.268241	96.875
27379.268241	96.875
27389.268241	96.875
27399.268241	96.875
27409.268241	96.875
27419.268241	96.875
27429.268241	96.875
27439.268241	96.875
27449.268241	96.875
27459.268241	96.875
27469.268241	96.875
27479.268241	96.875
27489.268241	96.875
27499.268241	96.875
27509.268241	96.875
27519.268241	96.875
27529.268241	96.875
27539.268241	96.875
27549.268241	96.875
27559.268241	96.875
27569.268241	96.875
27579.268241	96.875
27589.268241	96.875
27599.268241	96.875
27609.268241	96.875
27619.268241	96.875
27629.268241	96.875
27639.268241	96.875
27649.268241	96.875
27659.268241	96.875
27669.268241	96.875
27679.268241	96.875
27689.268241	96.875
27699.268241	96.875
27709.268241	96.875
27719.268241	96.875
27729.268241	96.875
27739.268241	96.875
27749.268241	96.875
27759.268241	96.875
27769.268241	96.875
27779.268241	96.875
27789.268241	96.875
27799.268241	96.875
27809.268241	96.875
27819.268241	96.875
27829.268241	96.875
27839.268241	96.875
27849.268241	96.875
27859.268241	96.875
27869.268241	96.875
27879.268241	96.875
27889.268241	96.875
27899.268241	96.875
27909.268241	96.875
27919.268241	96.875
27929.268241	96.875
27939.268241	96.875
27949.268241	96.875
27959.268241	96.875
27969.268241	96.875
27979.268241	96.875
27989.268241	96.875
27999.268241	96.875
28009.268241	96.875
28019.268241	96.875
28029.268241	96.875
28039.268241	96.875
28049.268241	96.875
28059.268241	96.875
28069.268241	96.875
28079.268241	96.875
28089.268241	96.875
28099.268241	96.875
28109.268241	96.875
28119.268241	96.875
28129.268241	96.875
28139.268241	96.875
28149.268241	96.875
28159.268241	96.875
28169.268241	96.875
28179.268241	96.875
28189.268241	96.875
28199.268241	96.875
28209.268241	96.875
28219.268241	96.875
28229.268241	96.875
28239.268241	96.875
28249.268241	96.875
28259.268241	96.875
28269.268241	96.875
28279.268241	96.875
28289.268241	96.875
28299.268241	96.875
28309.268241	96.875
28319.268241	96.875
28329.268241	96.875
28339.268241	96.875
28349.268241	96.875
28359.268241	96.875
28369.268241	96.875
28379.268241	96.875
28389.268241	96.875
28399.268241	96.875
28409.268241	96.875
28419.268241	96.875
28429.268241	96.875
28439.268241	96.875
28449.268241	96.875
28459.268241	96.875
28469.268241	96.875
28479.268241	96.875
28489.268241	96.875
28499.268241	96.875
28509.268241	96.875
28519.268241	96.875
28529.268241	96.875
28539.268241	96.875
28549.268241	96.875
28559.268241	96.875
28569.268241	96.875
28579.268241	96.875
28589.268241	96.875
28599.268241	96.875
28609.268241	96.875
28619.268241	96.875
28629.268241	96.875
28639.268241	96.875
28649.268241	96.875
28659.268241	96.875
28669.268241	96.875
28679.268241	96.875
28689.268241	96.875
28699.268241	96.875
28709.268241	96.875
28719.268241	96.875
28729.268241	96.875
28739.268241	96.875
28749.268241	96.875
28759.268241	96.875
28769.268241	96.875
28779.268241	96.875
28789.268241	96.875
28799.268241	96.875
28809.268241	96.875
28819.268241	96.875
28829.268241	96.875
28839.268241	96.875
28849.268241	96.875
28859.268241	96.875
28869.268241	96.875
28879.268241	96.875
28889.268241	96.875
28899.268241	96.875
28909.268241	96.875
28919.268241	96.875
28929.268241	96.875
28939.268241	96.875
28949.268241	96.875
28959.268241	96.875
28969.268241	96.875
28979.268241	96.875
28989.268241	96.875
28999.268241	96.875
29009.268241	96.875
29019.268241	96.875
29029.268241	96.875
29039.268241	96.875
29049.268241	96.875
29059.268241	96.875
29069.268241	96.875
29079.268241	96.875
29089.268241	96.875
29099.268241	96.875
29109.268241	96.875
29119.268241	96.875
29129.268241	96.875
29139.268241	96.875
29149.268241	96.875
29159.268241	96.875
29169.268241	96.875
29179.268241	96.875
29189.268241	96.875
29199.268241	96.875
29209.268241	96.875
29219.268241	96.875
29229.268241	96.875
29239.268241	96.875
29249.268241	96.875
29259.268241	96.875
29269.268241	96.875
29279.268241	96.875
29289.268241	96.875
29299.268241	96.875
29309.268241	96.875
29319.268241	96.875
29329.268241	96.875
29339.268241	96.875
29349.268241	96.875
29359.268241	96.875
29369.268241	96.875
29379.268241	96.875
29389.268241	96.875
29399.268241	96.875
29409.268241	96.875
29419.268241	96.875
29429.268241	96.875
29439.268241	96.875
29449.268241	96.875
29459.268241	96.875
29469.268241	96.875
29479.268241	96.875
29489.268241	96.875
29499.268241	96.875
29509.268241	96.875
29519.268241	96.875
29529.268241	96.875
29539.268241	96.875
29549.268241	96.875
29559.268241	96.875
29569.268241	96.875
29579.268241	96.875
29589.268241	96.875
29599.268241	96.875
29609.268241	96.875
29619.268241	96.875
29629.268241	96.875
29639.268241	96.875
29649.268241	96.875
29659.268241	96.875
29669.268241	96.875
29679.268241	96.875
29689.268241	96.875
29699.268241	96.875
29709.268241	96.875
29719.268241	96.875
29729.268241	96.875
29739.268241	96.875
29749.268241	96.875
29759.268241	96.875
29769.268241	96.875
29779.268241	96.875
29789.268241	96.875
29799.268241	96.875
29809.268241	100
