483.422758	1.03092783505155
493.422758	1.03092783505155
503.422758	2.06185567010309
513.422758	2.06185567010309
523.422758	3.09278350515464
533.422758	3.09278350515464
543.422758	3.09278350515464
553.422758	3.09278350515464
563.422758	3.09278350515464
573.422758	3.09278350515464
583.422758	3.09278350515464
593.422758	3.09278350515464
603.422758	4.12371134020619
613.422758	5.15463917525773
623.422758	5.15463917525773
633.422758	5.15463917525773
643.422758	5.15463917525773
653.422758	5.15463917525773
663.422758	5.15463917525773
673.422758	5.15463917525773
683.422758	5.15463917525773
693.422758	5.15463917525773
703.422758	5.15463917525773
713.422758	5.15463917525773
723.422758	5.15463917525773
733.422758	5.15463917525773
743.422758	5.15463917525773
753.422758	5.15463917525773
763.422758	5.15463917525773
773.422758	5.15463917525773
783.422758	5.15463917525773
793.422758	5.15463917525773
803.422758	5.15463917525773
813.422758	6.18556701030928
823.422758	6.18556701030928
833.422758	7.21649484536082
843.422758	7.21649484536082
853.422758	7.21649484536082
863.422758	7.21649484536082
873.422758	7.21649484536082
883.422758	7.21649484536082
893.422758	7.21649484536082
903.422758	7.21649484536082
913.422758	7.21649484536082
923.422758	8.24742268041237
933.422758	8.24742268041237
943.422758	8.24742268041237
953.422758	8.24742268041237
963.422758	8.24742268041237
973.422758	8.24742268041237
983.422758	8.24742268041237
993.422758	10.3092783505155
1003.422758	10.3092783505155
1013.422758	10.3092783505155
1023.422758	10.3092783505155
1033.422758	10.3092783505155
1043.422758	10.3092783505155
1053.422758	10.3092783505155
1063.422758	10.3092783505155
1073.422758	10.3092783505155
1083.422758	10.3092783505155
1093.422758	10.3092783505155
1103.422758	11.340206185567
1113.422758	11.340206185567
1123.422758	11.340206185567
1133.422758	12.3711340206186
1143.422758	12.3711340206186
1153.422758	12.3711340206186
1163.422758	12.3711340206186
1173.422758	12.3711340206186
1183.422758	12.3711340206186
1193.422758	12.3711340206186
1203.422758	12.3711340206186
1213.422758	12.3711340206186
1223.422758	12.3711340206186
1233.422758	12.3711340206186
1243.422758	12.3711340206186
1253.422758	12.3711340206186
1263.422758	13.4020618556701
1273.422758	14.4329896907216
1283.422758	14.4329896907216
1293.422758	15.4639175257732
1303.422758	16.4948453608247
1313.422758	16.4948453608247
1323.422758	16.4948453608247
1333.422758	16.4948453608247
1343.422758	16.4948453608247
1353.422758	16.4948453608247
1363.422758	16.4948453608247
1373.422758	16.4948453608247
1383.422758	16.4948453608247
1393.422758	16.4948453608247
1403.422758	16.4948453608247
1413.422758	16.4948453608247
1423.422758	17.5257731958763
1433.422758	17.5257731958763
1443.422758	17.5257731958763
1453.422758	17.5257731958763
1463.422758	17.5257731958763
1473.422758	18.5567010309278
1483.422758	18.5567010309278
1493.422758	18.5567010309278
1503.422758	18.5567010309278
1513.422758	18.5567010309278
1523.422758	18.5567010309278
1533.422758	18.5567010309278
1543.422758	18.5567010309278
1553.422758	18.5567010309278
1563.422758	18.5567010309278
1573.422758	18.5567010309278
1583.422758	18.5567010309278
1593.422758	18.5567010309278
1603.422758	18.5567010309278
1613.422758	18.5567010309278
1623.422758	18.5567010309278
1633.422758	18.5567010309278
1643.422758	18.5567010309278
1653.422758	19.5876288659794
1663.422758	19.5876288659794
1673.422758	19.5876288659794
1683.422758	19.5876288659794
1693.422758	19.5876288659794
1703.422758	20.6185567010309
1713.422758	20.6185567010309
1723.422758	20.6185567010309
1733.422758	20.6185567010309
1743.422758	20.6185567010309
1753.422758	21.6494845360825
1763.422758	21.6494845360825
1773.422758	21.6494845360825
1783.422758	21.6494845360825
1793.422758	22.680412371134
1803.422758	22.680412371134
1813.422758	22.680412371134
1823.422758	22.680412371134
1833.422758	22.680412371134
1843.422758	22.680412371134
1853.422758	22.680412371134
1863.422758	22.680412371134
1873.422758	22.680412371134
1883.422758	22.680412371134
1893.422758	22.680412371134
1903.422758	22.680412371134
1913.422758	22.680412371134
1923.422758	23.7113402061856
1933.422758	23.7113402061856
1943.422758	24.7422680412371
1953.422758	25.7731958762887
1963.422758	25.7731958762887
1973.422758	25.7731958762887
1983.422758	25.7731958762887
1993.422758	25.7731958762887
2003.422758	25.7731958762887
2013.422758	25.7731958762887
2023.422758	25.7731958762887
2033.422758	25.7731958762887
2043.422758	25.7731958762887
2053.422758	25.7731958762887
2063.422758	25.7731958762887
2073.422758	25.7731958762887
2083.422758	25.7731958762887
2093.422758	25.7731958762887
2103.422758	25.7731958762887
2113.422758	25.7731958762887
2123.422758	25.7731958762887
2133.422758	25.7731958762887
2143.422758	25.7731958762887
2153.422758	26.8041237113402
2163.422758	27.8350515463918
2173.422758	27.8350515463918
2183.422758	27.8350515463918
2193.422758	27.8350515463918
2203.422758	27.8350515463918
2213.422758	27.8350515463918
2223.422758	27.8350515463918
2233.422758	28.8659793814433
2243.422758	28.8659793814433
2253.422758	28.8659793814433
2263.422758	28.8659793814433
2273.422758	28.8659793814433
2283.422758	28.8659793814433
2293.422758	28.8659793814433
2303.422758	28.8659793814433
2313.422758	28.8659793814433
2323.422758	28.8659793814433
2333.422758	28.8659793814433
2343.422758	28.8659793814433
2353.422758	29.8969072164948
2363.422758	30.9278350515464
2373.422758	30.9278350515464
2383.422758	30.9278350515464
2393.422758	30.9278350515464
2403.422758	30.9278350515464
2413.422758	31.9587628865979
2423.422758	31.9587628865979
2433.422758	31.9587628865979
2443.422758	31.9587628865979
2453.422758	31.9587628865979
2463.422758	31.9587628865979
2473.422758	31.9587628865979
2483.422758	31.9587628865979
2493.422758	31.9587628865979
2503.422758	31.9587628865979
2513.422758	31.9587628865979
2523.422758	31.9587628865979
2533.422758	31.9587628865979
2543.422758	31.9587628865979
2553.422758	31.9587628865979
2563.422758	34.020618556701
2573.422758	35.0515463917526
2583.422758	35.0515463917526
2593.422758	35.0515463917526
2603.422758	35.0515463917526
2613.422758	35.0515463917526
2623.422758	35.0515463917526
2633.422758	35.0515463917526
2643.422758	36.0824742268041
2653.422758	36.0824742268041
2663.422758	36.0824742268041
2673.422758	36.0824742268041
2683.422758	36.0824742268041
2693.422758	36.0824742268041
2703.422758	36.0824742268041
2713.422758	36.0824742268041
2723.422758	36.0824742268041
2733.422758	36.0824742268041
2743.422758	36.0824742268041
2753.422758	36.0824742268041
2763.422758	36.0824742268041
2773.422758	36.0824742268041
2783.422758	37.1134020618557
2793.422758	37.1134020618557
2803.422758	37.1134020618557
2813.422758	37.1134020618557
2823.422758	37.1134020618557
2833.422758	37.1134020618557
2843.422758	37.1134020618557
2853.422758	37.1134020618557
2863.422758	37.1134020618557
2873.422758	37.1134020618557
2883.422758	37.1134020618557
2893.422758	38.1443298969072
2903.422758	38.1443298969072
2913.422758	38.1443298969072
2923.422758	38.1443298969072
2933.422758	38.1443298969072
2943.422758	38.1443298969072
2953.422758	38.1443298969072
2963.422758	38.1443298969072
2973.422758	39.1752577319588
2983.422758	39.1752577319588
2993.422758	39.1752577319588
3003.422758	39.1752577319588
3013.422758	39.1752577319588
3023.422758	39.1752577319588
3033.422758	40.2061855670103
3043.422758	41.2371134020619
3053.422758	42.2680412371134
3063.422758	43.298969072165
3073.422758	43.298969072165
3083.422758	43.298969072165
3093.422758	43.298969072165
3103.422758	43.298969072165
3113.422758	43.298969072165
3123.422758	43.298969072165
3133.422758	43.298969072165
3143.422758	43.298969072165
3153.422758	43.298969072165
3163.422758	43.298969072165
3173.422758	43.298969072165
3183.422758	43.298969072165
3193.422758	43.298969072165
3203.422758	43.298969072165
3213.422758	44.3298969072165
3223.422758	44.3298969072165
3233.422758	44.3298969072165
3243.422758	44.3298969072165
3253.422758	44.3298969072165
3263.422758	44.3298969072165
3273.422758	44.3298969072165
3283.422758	44.3298969072165
3293.422758	44.3298969072165
3303.422758	44.3298969072165
3313.422758	44.3298969072165
3323.422758	45.360824742268
3333.422758	45.360824742268
3343.422758	45.360824742268
3353.422758	45.360824742268
3363.422758	45.360824742268
3373.422758	45.360824742268
3383.422758	45.360824742268
3393.422758	45.360824742268
3403.422758	46.3917525773196
3413.422758	46.3917525773196
3423.422758	46.3917525773196
3433.422758	46.3917525773196
3443.422758	46.3917525773196
3453.422758	46.3917525773196
3463.422758	46.3917525773196
3473.422758	46.3917525773196
3483.422758	46.3917525773196
3493.422758	46.3917525773196
3503.422758	46.3917525773196
3513.422758	46.3917525773196
3523.422758	46.3917525773196
3533.422758	46.3917525773196
3543.422758	46.3917525773196
3553.422758	46.3917525773196
3563.422758	46.3917525773196
3573.422758	46.3917525773196
3583.422758	47.4226804123711
3593.422758	47.4226804123711
3603.422758	47.4226804123711
3613.422758	47.4226804123711
3623.422758	47.4226804123711
3633.422758	47.4226804123711
3643.422758	47.4226804123711
3653.422758	47.4226804123711
3663.422758	47.4226804123711
3673.422758	47.4226804123711
3683.422758	47.4226804123711
3693.422758	47.4226804123711
3703.422758	47.4226804123711
3713.422758	47.4226804123711
3723.422758	47.4226804123711
3733.422758	47.4226804123711
3743.422758	47.4226804123711
3753.422758	47.4226804123711
3763.422758	47.4226804123711
3773.422758	47.4226804123711
3783.422758	47.4226804123711
3793.422758	47.4226804123711
3803.422758	48.4536082474227
3813.422758	48.4536082474227
3823.422758	49.4845360824742
3833.422758	49.4845360824742
3843.422758	49.4845360824742
3853.422758	49.4845360824742
3863.422758	49.4845360824742
3873.422758	49.4845360824742
3883.422758	49.4845360824742
3893.422758	50.5154639175258
3903.422758	50.5154639175258
3913.422758	50.5154639175258
3923.422758	50.5154639175258
3933.422758	50.5154639175258
3943.422758	50.5154639175258
3953.422758	50.5154639175258
3963.422758	50.5154639175258
3973.422758	51.5463917525773
3983.422758	51.5463917525773
3993.422758	51.5463917525773
4003.422758	51.5463917525773
4013.422758	51.5463917525773
4023.422758	51.5463917525773
4033.422758	51.5463917525773
4043.422758	51.5463917525773
4053.422758	51.5463917525773
4063.422758	51.5463917525773
4073.422758	51.5463917525773
4083.422758	51.5463917525773
4093.422758	51.5463917525773
4103.422758	51.5463917525773
4113.422758	51.5463917525773
4123.422758	52.5773195876289
4133.422758	52.5773195876289
4143.422758	52.5773195876289
4153.422758	52.5773195876289
4163.422758	52.5773195876289
4173.422758	52.5773195876289
4183.422758	52.5773195876289
4193.422758	52.5773195876289
4203.422758	52.5773195876289
4213.422758	52.5773195876289
4223.422758	52.5773195876289
4233.422758	52.5773195876289
4243.422758	52.5773195876289
4253.422758	53.6082474226804
4263.422758	53.6082474226804
4273.422758	53.6082474226804
4283.422758	53.6082474226804
4293.422758	53.6082474226804
4303.422758	53.6082474226804
4313.422758	53.6082474226804
4323.422758	53.6082474226804
4333.422758	53.6082474226804
4343.422758	53.6082474226804
4353.422758	53.6082474226804
4363.422758	53.6082474226804
4373.422758	53.6082474226804
4383.422758	53.6082474226804
4393.422758	53.6082474226804
4403.422758	53.6082474226804
4413.422758	53.6082474226804
4423.422758	53.6082474226804
4433.422758	53.6082474226804
4443.422758	53.6082474226804
4453.422758	54.639175257732
4463.422758	54.639175257732
4473.422758	54.639175257732
4483.422758	54.639175257732
4493.422758	55.6701030927835
4503.422758	55.6701030927835
4513.422758	55.6701030927835
4523.422758	56.701030927835
4533.422758	56.701030927835
4543.422758	56.701030927835
4553.422758	56.701030927835
4563.422758	56.701030927835
4573.422758	56.701030927835
4583.422758	56.701030927835
4593.422758	56.701030927835
4603.422758	56.701030927835
4613.422758	56.701030927835
4623.422758	57.7319587628866
4633.422758	57.7319587628866
4643.422758	57.7319587628866
4653.422758	57.7319587628866
4663.422758	57.7319587628866
4673.422758	57.7319587628866
4683.422758	57.7319587628866
4693.422758	57.7319587628866
4703.422758	57.7319587628866
4713.422758	57.7319587628866
4723.422758	57.7319587628866
4733.422758	57.7319587628866
4743.422758	57.7319587628866
4753.422758	57.7319587628866
4763.422758	57.7319587628866
4773.422758	57.7319587628866
4783.422758	57.7319587628866
4793.422758	57.7319587628866
4803.422758	57.7319587628866
4813.422758	57.7319587628866
4823.422758	57.7319587628866
4833.422758	57.7319587628866
4843.422758	57.7319587628866
4853.422758	57.7319587628866
4863.422758	57.7319587628866
4873.422758	57.7319587628866
4883.422758	57.7319587628866
4893.422758	58.7628865979381
4903.422758	58.7628865979381
4913.422758	58.7628865979381
4923.422758	58.7628865979381
4933.422758	58.7628865979381
4943.422758	58.7628865979381
4953.422758	58.7628865979381
4963.422758	58.7628865979381
4973.422758	58.7628865979381
4983.422758	58.7628865979381
4993.422758	58.7628865979381
5003.422758	58.7628865979381
5013.422758	59.7938144329897
5023.422758	59.7938144329897
5033.422758	59.7938144329897
5043.422758	60.8247422680412
5053.422758	60.8247422680412
5063.422758	60.8247422680412
5073.422758	60.8247422680412
5083.422758	60.8247422680412
5093.422758	60.8247422680412
5103.422758	60.8247422680412
5113.422758	60.8247422680412
5123.422758	60.8247422680412
5133.422758	60.8247422680412
5143.422758	60.8247422680412
5153.422758	60.8247422680412
5163.422758	60.8247422680412
5173.422758	60.8247422680412
5183.422758	60.8247422680412
5193.422758	60.8247422680412
5203.422758	60.8247422680412
5213.422758	60.8247422680412
5223.422758	60.8247422680412
5233.422758	62.8865979381443
5243.422758	62.8865979381443
5253.422758	62.8865979381443
5263.422758	62.8865979381443
5273.422758	63.9175257731959
5283.422758	63.9175257731959
5293.422758	63.9175257731959
5303.422758	63.9175257731959
5313.422758	63.9175257731959
5323.422758	63.9175257731959
5333.422758	63.9175257731959
5343.422758	63.9175257731959
5353.422758	64.9484536082474
5363.422758	64.9484536082474
5373.422758	64.9484536082474
5383.422758	64.9484536082474
5393.422758	64.9484536082474
5403.422758	64.9484536082474
5413.422758	65.979381443299
5423.422758	65.979381443299
5433.422758	65.979381443299
5443.422758	65.979381443299
5453.422758	65.979381443299
5463.422758	65.979381443299
5473.422758	65.979381443299
5483.422758	65.979381443299
5493.422758	67.0103092783505
5503.422758	68.0412371134021
5513.422758	68.0412371134021
5523.422758	69.0721649484536
5533.422758	69.0721649484536
5543.422758	69.0721649484536
5553.422758	69.0721649484536
5563.422758	69.0721649484536
5573.422758	69.0721649484536
5583.422758	69.0721649484536
5593.422758	69.0721649484536
5603.422758	69.0721649484536
5613.422758	69.0721649484536
5623.422758	69.0721649484536
5633.422758	69.0721649484536
5643.422758	69.0721649484536
5653.422758	69.0721649484536
5663.422758	69.0721649484536
5673.422758	69.0721649484536
5683.422758	69.0721649484536
5693.422758	69.0721649484536
5703.422758	69.0721649484536
5713.422758	69.0721649484536
5723.422758	69.0721649484536
5733.422758	69.0721649484536
5743.422758	69.0721649484536
5753.422758	69.0721649484536
5763.422758	70.1030927835052
5773.422758	70.1030927835052
5783.422758	71.1340206185567
5793.422758	71.1340206185567
5803.422758	71.1340206185567
5813.422758	71.1340206185567
5823.422758	71.1340206185567
5833.422758	71.1340206185567
5843.422758	71.1340206185567
5853.422758	71.1340206185567
5863.422758	71.1340206185567
5873.422758	71.1340206185567
5883.422758	71.1340206185567
5893.422758	71.1340206185567
5903.422758	71.1340206185567
5913.422758	71.1340206185567
5923.422758	71.1340206185567
5933.422758	71.1340206185567
5943.422758	71.1340206185567
5953.422758	71.1340206185567
5963.422758	71.1340206185567
5973.422758	71.1340206185567
5983.422758	71.1340206185567
5993.422758	71.1340206185567
6003.422758	71.1340206185567
6013.422758	71.1340206185567
6023.422758	71.1340206185567
6033.422758	71.1340206185567
6043.422758	71.1340206185567
6053.422758	71.1340206185567
6063.422758	71.1340206185567
6073.422758	71.1340206185567
6083.422758	72.1649484536082
6093.422758	72.1649484536082
6103.422758	72.1649484536082
6113.422758	72.1649484536082
6123.422758	72.1649484536082
6133.422758	72.1649484536082
6143.422758	72.1649484536082
6153.422758	72.1649484536082
6163.422758	72.1649484536082
6173.422758	72.1649484536082
6183.422758	72.1649484536082
6193.422758	72.1649484536082
6203.422758	72.1649484536082
6213.422758	72.1649484536082
6223.422758	72.1649484536082
6233.422758	73.1958762886598
6243.422758	73.1958762886598
6253.422758	73.1958762886598
6263.422758	73.1958762886598
6273.422758	73.1958762886598
6283.422758	73.1958762886598
6293.422758	73.1958762886598
6303.422758	73.1958762886598
6313.422758	73.1958762886598
6323.422758	73.1958762886598
6333.422758	73.1958762886598
6343.422758	73.1958762886598
6353.422758	73.1958762886598
6363.422758	73.1958762886598
6373.422758	73.1958762886598
6383.422758	73.1958762886598
6393.422758	73.1958762886598
6403.422758	73.1958762886598
6413.422758	73.1958762886598
6423.422758	73.1958762886598
6433.422758	73.1958762886598
6443.422758	74.2268041237113
6453.422758	74.2268041237113
6463.422758	74.2268041237113
6473.422758	74.2268041237113
6483.422758	74.2268041237113
6493.422758	74.2268041237113
6503.422758	74.2268041237113
6513.422758	74.2268041237113
6523.422758	74.2268041237113
6533.422758	74.2268041237113
6543.422758	74.2268041237113
6553.422758	74.2268041237113
6563.422758	74.2268041237113
6573.422758	74.2268041237113
6583.422758	74.2268041237113
6593.422758	74.2268041237113
6603.422758	74.2268041237113
6613.422758	74.2268041237113
6623.422758	74.2268041237113
6633.422758	74.2268041237113
6643.422758	74.2268041237113
6653.422758	74.2268041237113
6663.422758	74.2268041237113
6673.422758	74.2268041237113
6683.422758	74.2268041237113
6693.422758	74.2268041237113
6703.422758	74.2268041237113
6713.422758	74.2268041237113
6723.422758	74.2268041237113
6733.422758	74.2268041237113
6743.422758	74.2268041237113
6753.422758	74.2268041237113
6763.422758	74.2268041237113
6773.422758	74.2268041237113
6783.422758	74.2268041237113
6793.422758	74.2268041237113
6803.422758	74.2268041237113
6813.422758	74.2268041237113
6823.422758	74.2268041237113
6833.422758	74.2268041237113
6843.422758	74.2268041237113
6853.422758	74.2268041237113
6863.422758	74.2268041237113
6873.422758	74.2268041237113
6883.422758	74.2268041237113
6893.422758	74.2268041237113
6903.422758	74.2268041237113
6913.422758	74.2268041237113
6923.422758	74.2268041237113
6933.422758	74.2268041237113
6943.422758	74.2268041237113
6953.422758	74.2268041237113
6963.422758	74.2268041237113
6973.422758	74.2268041237113
6983.422758	74.2268041237113
6993.422758	74.2268041237113
7003.422758	74.2268041237113
7013.422758	74.2268041237113
7023.422758	74.2268041237113
7033.422758	74.2268041237113
7043.422758	74.2268041237113
7053.422758	74.2268041237113
7063.422758	74.2268041237113
7073.422758	74.2268041237113
7083.422758	74.2268041237113
7093.422758	74.2268041237113
7103.422758	74.2268041237113
7113.422758	74.2268041237113
7123.422758	74.2268041237113
7133.422758	74.2268041237113
7143.422758	74.2268041237113
7153.422758	74.2268041237113
7163.422758	74.2268041237113
7173.422758	74.2268041237113
7183.422758	74.2268041237113
7193.422758	74.2268041237113
7203.422758	74.2268041237113
7213.422758	74.2268041237113
7223.422758	74.2268041237113
7233.422758	74.2268041237113
7243.422758	74.2268041237113
7253.422758	74.2268041237113
7263.422758	74.2268041237113
7273.422758	74.2268041237113
7283.422758	74.2268041237113
7293.422758	74.2268041237113
7303.422758	74.2268041237113
7313.422758	74.2268041237113
7323.422758	74.2268041237113
7333.422758	74.2268041237113
7343.422758	74.2268041237113
7353.422758	74.2268041237113
7363.422758	74.2268041237113
7373.422758	75.2577319587629
7383.422758	75.2577319587629
7393.422758	75.2577319587629
7403.422758	75.2577319587629
7413.422758	75.2577319587629
7423.422758	75.2577319587629
7433.422758	76.2886597938144
7443.422758	76.2886597938144
7453.422758	76.2886597938144
7463.422758	76.2886597938144
7473.422758	76.2886597938144
7483.422758	76.2886597938144
7493.422758	76.2886597938144
7503.422758	76.2886597938144
7513.422758	76.2886597938144
7523.422758	76.2886597938144
7533.422758	76.2886597938144
7543.422758	76.2886597938144
7553.422758	76.2886597938144
7563.422758	76.2886597938144
7573.422758	76.2886597938144
7583.422758	76.2886597938144
7593.422758	76.2886597938144
7603.422758	76.2886597938144
7613.422758	76.2886597938144
7623.422758	76.2886597938144
7633.422758	76.2886597938144
7643.422758	76.2886597938144
7653.422758	76.2886597938144
7663.422758	76.2886597938144
7673.422758	76.2886597938144
7683.422758	76.2886597938144
7693.422758	76.2886597938144
7703.422758	76.2886597938144
7713.422758	76.2886597938144
7723.422758	76.2886597938144
7733.422758	76.2886597938144
7743.422758	76.2886597938144
7753.422758	76.2886597938144
7763.422758	76.2886597938144
7773.422758	76.2886597938144
7783.422758	76.2886597938144
7793.422758	76.2886597938144
7803.422758	76.2886597938144
7813.422758	76.2886597938144
7823.422758	76.2886597938144
7833.422758	76.2886597938144
7843.422758	76.2886597938144
7853.422758	76.2886597938144
7863.422758	76.2886597938144
7873.422758	77.319587628866
7883.422758	77.319587628866
7893.422758	77.319587628866
7903.422758	77.319587628866
7913.422758	77.319587628866
7923.422758	77.319587628866
7933.422758	77.319587628866
7943.422758	77.319587628866
7953.422758	77.319587628866
7963.422758	78.3505154639175
7973.422758	78.3505154639175
7983.422758	78.3505154639175
7993.422758	78.3505154639175
8003.422758	78.3505154639175
8013.422758	78.3505154639175
8023.422758	78.3505154639175
8033.422758	78.3505154639175
8043.422758	78.3505154639175
8053.422758	78.3505154639175
8063.422758	78.3505154639175
8073.422758	78.3505154639175
8083.422758	78.3505154639175
8093.422758	78.3505154639175
8103.422758	78.3505154639175
8113.422758	78.3505154639175
8123.422758	78.3505154639175
8133.422758	78.3505154639175
8143.422758	78.3505154639175
8153.422758	78.3505154639175
8163.422758	78.3505154639175
8173.422758	78.3505154639175
8183.422758	78.3505154639175
8193.422758	78.3505154639175
8203.422758	78.3505154639175
8213.422758	78.3505154639175
8223.422758	78.3505154639175
8233.422758	78.3505154639175
8243.422758	78.3505154639175
8253.422758	78.3505154639175
8263.422758	78.3505154639175
8273.422758	78.3505154639175
8283.422758	78.3505154639175
8293.422758	78.3505154639175
8303.422758	78.3505154639175
8313.422758	78.3505154639175
8323.422758	78.3505154639175
8333.422758	78.3505154639175
8343.422758	78.3505154639175
8353.422758	78.3505154639175
8363.422758	78.3505154639175
8373.422758	78.3505154639175
8383.422758	78.3505154639175
8393.422758	78.3505154639175
8403.422758	78.3505154639175
8413.422758	78.3505154639175
8423.422758	78.3505154639175
8433.422758	78.3505154639175
8443.422758	78.3505154639175
8453.422758	78.3505154639175
8463.422758	78.3505154639175
8473.422758	78.3505154639175
8483.422758	78.3505154639175
8493.422758	78.3505154639175
8503.422758	78.3505154639175
8513.422758	78.3505154639175
8523.422758	78.3505154639175
8533.422758	78.3505154639175
8543.422758	78.3505154639175
8553.422758	78.3505154639175
8563.422758	78.3505154639175
8573.422758	78.3505154639175
8583.422758	78.3505154639175
8593.422758	78.3505154639175
8603.422758	78.3505154639175
8613.422758	78.3505154639175
8623.422758	78.3505154639175
8633.422758	78.3505154639175
8643.422758	78.3505154639175
8653.422758	78.3505154639175
8663.422758	78.3505154639175
8673.422758	78.3505154639175
8683.422758	78.3505154639175
8693.422758	78.3505154639175
8703.422758	78.3505154639175
8713.422758	78.3505154639175
8723.422758	78.3505154639175
8733.422758	78.3505154639175
8743.422758	78.3505154639175
8753.422758	78.3505154639175
8763.422758	78.3505154639175
8773.422758	78.3505154639175
8783.422758	78.3505154639175
8793.422758	78.3505154639175
8803.422758	78.3505154639175
8813.422758	78.3505154639175
8823.422758	78.3505154639175
8833.422758	78.3505154639175
8843.422758	78.3505154639175
8853.422758	78.3505154639175
8863.422758	78.3505154639175
8873.422758	78.3505154639175
8883.422758	78.3505154639175
8893.422758	78.3505154639175
8903.422758	78.3505154639175
8913.422758	78.3505154639175
8923.422758	78.3505154639175
8933.422758	78.3505154639175
8943.422758	78.3505154639175
8953.422758	78.3505154639175
8963.422758	78.3505154639175
8973.422758	78.3505154639175
8983.422758	78.3505154639175
8993.422758	78.3505154639175
9003.422758	78.3505154639175
9013.422758	78.3505154639175
9023.422758	78.3505154639175
9033.422758	78.3505154639175
9043.422758	78.3505154639175
9053.422758	78.3505154639175
9063.422758	78.3505154639175
9073.422758	78.3505154639175
9083.422758	78.3505154639175
9093.422758	78.3505154639175
9103.422758	79.3814432989691
9113.422758	79.3814432989691
9123.422758	79.3814432989691
9133.422758	79.3814432989691
9143.422758	79.3814432989691
9153.422758	79.3814432989691
9163.422758	79.3814432989691
9173.422758	79.3814432989691
9183.422758	79.3814432989691
9193.422758	79.3814432989691
9203.422758	79.3814432989691
9213.422758	79.3814432989691
9223.422758	79.3814432989691
9233.422758	79.3814432989691
9243.422758	80.4123711340206
9253.422758	80.4123711340206
9263.422758	80.4123711340206
9273.422758	80.4123711340206
9283.422758	80.4123711340206
9293.422758	80.4123711340206
9303.422758	80.4123711340206
9313.422758	80.4123711340206
9323.422758	80.4123711340206
9333.422758	80.4123711340206
9343.422758	80.4123711340206
9353.422758	80.4123711340206
9363.422758	80.4123711340206
9373.422758	80.4123711340206
9383.422758	80.4123711340206
9393.422758	80.4123711340206
9403.422758	80.4123711340206
9413.422758	80.4123711340206
9423.422758	80.4123711340206
9433.422758	80.4123711340206
9443.422758	80.4123711340206
9453.422758	80.4123711340206
9463.422758	80.4123711340206
9473.422758	80.4123711340206
9483.422758	80.4123711340206
9493.422758	80.4123711340206
9503.422758	80.4123711340206
9513.422758	80.4123711340206
9523.422758	82.4742268041237
9533.422758	82.4742268041237
9543.422758	82.4742268041237
9553.422758	82.4742268041237
9563.422758	82.4742268041237
9573.422758	82.4742268041237
9583.422758	82.4742268041237
9593.422758	82.4742268041237
9603.422758	82.4742268041237
9613.422758	82.4742268041237
9623.422758	82.4742268041237
9633.422758	82.4742268041237
9643.422758	82.4742268041237
9653.422758	82.4742268041237
9663.422758	82.4742268041237
9673.422758	82.4742268041237
9683.422758	82.4742268041237
9693.422758	82.4742268041237
9703.422758	82.4742268041237
9713.422758	82.4742268041237
9723.422758	82.4742268041237
9733.422758	82.4742268041237
9743.422758	82.4742268041237
9753.422758	82.4742268041237
9763.422758	83.5051546391753
9773.422758	83.5051546391753
9783.422758	83.5051546391753
9793.422758	83.5051546391753
9803.422758	83.5051546391753
9813.422758	83.5051546391753
9823.422758	84.5360824742268
9833.422758	84.5360824742268
9843.422758	84.5360824742268
9853.422758	84.5360824742268
9863.422758	84.5360824742268
9873.422758	84.5360824742268
9883.422758	84.5360824742268
9893.422758	84.5360824742268
9903.422758	84.5360824742268
9913.422758	84.5360824742268
9923.422758	84.5360824742268
9933.422758	84.5360824742268
9943.422758	84.5360824742268
9953.422758	84.5360824742268
9963.422758	84.5360824742268
9973.422758	84.5360824742268
9983.422758	84.5360824742268
9993.422758	84.5360824742268
10003.422758	84.5360824742268
10013.422758	84.5360824742268
10023.422758	84.5360824742268
10033.422758	84.5360824742268
10043.422758	84.5360824742268
10053.422758	84.5360824742268
10063.422758	84.5360824742268
10073.422758	84.5360824742268
10083.422758	84.5360824742268
10093.422758	84.5360824742268
10103.422758	84.5360824742268
10113.422758	84.5360824742268
10123.422758	84.5360824742268
10133.422758	84.5360824742268
10143.422758	84.5360824742268
10153.422758	84.5360824742268
10163.422758	84.5360824742268
10173.422758	84.5360824742268
10183.422758	84.5360824742268
10193.422758	84.5360824742268
10203.422758	84.5360824742268
10213.422758	84.5360824742268
10223.422758	84.5360824742268
10233.422758	85.5670103092783
10243.422758	85.5670103092783
10253.422758	85.5670103092783
10263.422758	85.5670103092783
10273.422758	85.5670103092783
10283.422758	85.5670103092783
10293.422758	85.5670103092783
10303.422758	85.5670103092783
10313.422758	85.5670103092783
10323.422758	85.5670103092783
10333.422758	85.5670103092783
10343.422758	85.5670103092783
10353.422758	85.5670103092783
10363.422758	86.5979381443299
10373.422758	86.5979381443299
10383.422758	86.5979381443299
10393.422758	86.5979381443299
10403.422758	86.5979381443299
10413.422758	86.5979381443299
10423.422758	87.6288659793814
10433.422758	87.6288659793814
10443.422758	87.6288659793814
10453.422758	87.6288659793814
10463.422758	87.6288659793814
10473.422758	87.6288659793814
10483.422758	87.6288659793814
10493.422758	87.6288659793814
10503.422758	87.6288659793814
10513.422758	87.6288659793814
10523.422758	87.6288659793814
10533.422758	87.6288659793814
10543.422758	87.6288659793814
10553.422758	87.6288659793814
10563.422758	87.6288659793814
10573.422758	87.6288659793814
10583.422758	87.6288659793814
10593.422758	87.6288659793814
10603.422758	87.6288659793814
10613.422758	87.6288659793814
10623.422758	87.6288659793814
10633.422758	87.6288659793814
10643.422758	87.6288659793814
10653.422758	87.6288659793814
10663.422758	87.6288659793814
10673.422758	87.6288659793814
10683.422758	87.6288659793814
10693.422758	87.6288659793814
10703.422758	87.6288659793814
10713.422758	87.6288659793814
10723.422758	87.6288659793814
10733.422758	87.6288659793814
10743.422758	87.6288659793814
10753.422758	87.6288659793814
10763.422758	87.6288659793814
10773.422758	87.6288659793814
10783.422758	87.6288659793814
10793.422758	87.6288659793814
10803.422758	87.6288659793814
10813.422758	87.6288659793814
10823.422758	87.6288659793814
10833.422758	87.6288659793814
10843.422758	87.6288659793814
10853.422758	87.6288659793814
10863.422758	87.6288659793814
10873.422758	87.6288659793814
10883.422758	87.6288659793814
10893.422758	87.6288659793814
10903.422758	87.6288659793814
10913.422758	87.6288659793814
10923.422758	87.6288659793814
10933.422758	87.6288659793814
10943.422758	87.6288659793814
10953.422758	87.6288659793814
10963.422758	87.6288659793814
10973.422758	87.6288659793814
10983.422758	87.6288659793814
10993.422758	87.6288659793814
11003.422758	87.6288659793814
11013.422758	87.6288659793814
11023.422758	87.6288659793814
11033.422758	87.6288659793814
11043.422758	87.6288659793814
11053.422758	87.6288659793814
11063.422758	87.6288659793814
11073.422758	87.6288659793814
11083.422758	87.6288659793814
11093.422758	87.6288659793814
11103.422758	87.6288659793814
11113.422758	87.6288659793814
11123.422758	87.6288659793814
11133.422758	87.6288659793814
11143.422758	87.6288659793814
11153.422758	87.6288659793814
11163.422758	87.6288659793814
11173.422758	87.6288659793814
11183.422758	87.6288659793814
11193.422758	87.6288659793814
11203.422758	87.6288659793814
11213.422758	87.6288659793814
11223.422758	88.659793814433
11233.422758	88.659793814433
11243.422758	88.659793814433
11253.422758	88.659793814433
11263.422758	88.659793814433
11273.422758	88.659793814433
11283.422758	88.659793814433
11293.422758	88.659793814433
11303.422758	88.659793814433
11313.422758	88.659793814433
11323.422758	88.659793814433
11333.422758	88.659793814433
11343.422758	88.659793814433
11353.422758	88.659793814433
11363.422758	88.659793814433
11373.422758	88.659793814433
11383.422758	88.659793814433
11393.422758	88.659793814433
11403.422758	88.659793814433
11413.422758	88.659793814433
11423.422758	88.659793814433
11433.422758	88.659793814433
11443.422758	88.659793814433
11453.422758	88.659793814433
11463.422758	88.659793814433
11473.422758	88.659793814433
11483.422758	88.659793814433
11493.422758	88.659793814433
11503.422758	88.659793814433
11513.422758	88.659793814433
11523.422758	88.659793814433
11533.422758	88.659793814433
11543.422758	88.659793814433
11553.422758	88.659793814433
11563.422758	88.659793814433
11573.422758	88.659793814433
11583.422758	89.6907216494845
11593.422758	89.6907216494845
11603.422758	89.6907216494845
11613.422758	89.6907216494845
11623.422758	89.6907216494845
11633.422758	89.6907216494845
11643.422758	89.6907216494845
11653.422758	89.6907216494845
11663.422758	89.6907216494845
11673.422758	89.6907216494845
11683.422758	89.6907216494845
11693.422758	89.6907216494845
11703.422758	89.6907216494845
11713.422758	89.6907216494845
11723.422758	89.6907216494845
11733.422758	89.6907216494845
11743.422758	89.6907216494845
11753.422758	89.6907216494845
11763.422758	89.6907216494845
11773.422758	89.6907216494845
11783.422758	89.6907216494845
11793.422758	89.6907216494845
11803.422758	89.6907216494845
11813.422758	89.6907216494845
11823.422758	89.6907216494845
11833.422758	89.6907216494845
11843.422758	89.6907216494845
11853.422758	89.6907216494845
11863.422758	89.6907216494845
11873.422758	89.6907216494845
11883.422758	89.6907216494845
11893.422758	89.6907216494845
11903.422758	89.6907216494845
11913.422758	89.6907216494845
11923.422758	89.6907216494845
11933.422758	89.6907216494845
11943.422758	89.6907216494845
11953.422758	89.6907216494845
11963.422758	89.6907216494845
11973.422758	89.6907216494845
11983.422758	89.6907216494845
11993.422758	89.6907216494845
12003.422758	89.6907216494845
12013.422758	89.6907216494845
12023.422758	89.6907216494845
12033.422758	89.6907216494845
12043.422758	89.6907216494845
12053.422758	89.6907216494845
12063.422758	89.6907216494845
12073.422758	89.6907216494845
12083.422758	89.6907216494845
12093.422758	89.6907216494845
12103.422758	89.6907216494845
12113.422758	89.6907216494845
12123.422758	90.7216494845361
12133.422758	90.7216494845361
12143.422758	90.7216494845361
12153.422758	90.7216494845361
12163.422758	90.7216494845361
12173.422758	90.7216494845361
12183.422758	90.7216494845361
12193.422758	90.7216494845361
12203.422758	90.7216494845361
12213.422758	90.7216494845361
12223.422758	90.7216494845361
12233.422758	90.7216494845361
12243.422758	90.7216494845361
12253.422758	90.7216494845361
12263.422758	90.7216494845361
12273.422758	90.7216494845361
12283.422758	91.7525773195876
12293.422758	91.7525773195876
12303.422758	91.7525773195876
12313.422758	91.7525773195876
12323.422758	91.7525773195876
12333.422758	91.7525773195876
12343.422758	91.7525773195876
12353.422758	91.7525773195876
12363.422758	91.7525773195876
12373.422758	91.7525773195876
12383.422758	91.7525773195876
12393.422758	91.7525773195876
12403.422758	91.7525773195876
12413.422758	91.7525773195876
12423.422758	91.7525773195876
12433.422758	91.7525773195876
12443.422758	91.7525773195876
12453.422758	91.7525773195876
12463.422758	91.7525773195876
12473.422758	91.7525773195876
12483.422758	91.7525773195876
12493.422758	91.7525773195876
12503.422758	91.7525773195876
12513.422758	91.7525773195876
12523.422758	91.7525773195876
12533.422758	91.7525773195876
12543.422758	91.7525773195876
12553.422758	91.7525773195876
12563.422758	91.7525773195876
12573.422758	91.7525773195876
12583.422758	91.7525773195876
12593.422758	91.7525773195876
12603.422758	91.7525773195876
12613.422758	91.7525773195876
12623.422758	91.7525773195876
12633.422758	91.7525773195876
12643.422758	91.7525773195876
12653.422758	91.7525773195876
12663.422758	91.7525773195876
12673.422758	91.7525773195876
12683.422758	91.7525773195876
12693.422758	91.7525773195876
12703.422758	91.7525773195876
12713.422758	91.7525773195876
12723.422758	91.7525773195876
12733.422758	91.7525773195876
12743.422758	91.7525773195876
12753.422758	91.7525773195876
12763.422758	91.7525773195876
12773.422758	91.7525773195876
12783.422758	91.7525773195876
12793.422758	91.7525773195876
12803.422758	91.7525773195876
12813.422758	91.7525773195876
12823.422758	91.7525773195876
12833.422758	91.7525773195876
12843.422758	91.7525773195876
12853.422758	91.7525773195876
12863.422758	91.7525773195876
12873.422758	91.7525773195876
12883.422758	91.7525773195876
12893.422758	91.7525773195876
12903.422758	91.7525773195876
12913.422758	91.7525773195876
12923.422758	91.7525773195876
12933.422758	91.7525773195876
12943.422758	91.7525773195876
12953.422758	91.7525773195876
12963.422758	91.7525773195876
12973.422758	91.7525773195876
12983.422758	91.7525773195876
12993.422758	91.7525773195876
13003.422758	92.7835051546392
13013.422758	92.7835051546392
13023.422758	92.7835051546392
13033.422758	92.7835051546392
13043.422758	92.7835051546392
13053.422758	92.7835051546392
13063.422758	92.7835051546392
13073.422758	92.7835051546392
13083.422758	92.7835051546392
13093.422758	92.7835051546392
13103.422758	92.7835051546392
13113.422758	92.7835051546392
13123.422758	92.7835051546392
13133.422758	92.7835051546392
13143.422758	92.7835051546392
13153.422758	92.7835051546392
13163.422758	92.7835051546392
13173.422758	92.7835051546392
13183.422758	92.7835051546392
13193.422758	92.7835051546392
13203.422758	92.7835051546392
13213.422758	92.7835051546392
13223.422758	92.7835051546392
13233.422758	92.7835051546392
13243.422758	92.7835051546392
13253.422758	92.7835051546392
13263.422758	92.7835051546392
13273.422758	92.7835051546392
13283.422758	92.7835051546392
13293.422758	92.7835051546392
13303.422758	92.7835051546392
13313.422758	92.7835051546392
13323.422758	92.7835051546392
13333.422758	92.7835051546392
13343.422758	92.7835051546392
13353.422758	92.7835051546392
13363.422758	92.7835051546392
13373.422758	92.7835051546392
13383.422758	92.7835051546392
13393.422758	92.7835051546392
13403.422758	92.7835051546392
13413.422758	92.7835051546392
13423.422758	92.7835051546392
13433.422758	92.7835051546392
13443.422758	92.7835051546392
13453.422758	92.7835051546392
13463.422758	92.7835051546392
13473.422758	92.7835051546392
13483.422758	92.7835051546392
13493.422758	92.7835051546392
13503.422758	93.8144329896907
13513.422758	93.8144329896907
13523.422758	93.8144329896907
13533.422758	93.8144329896907
13543.422758	93.8144329896907
13553.422758	93.8144329896907
13563.422758	93.8144329896907
13573.422758	93.8144329896907
13583.422758	93.8144329896907
13593.422758	93.8144329896907
13603.422758	93.8144329896907
13613.422758	93.8144329896907
13623.422758	93.8144329896907
13633.422758	93.8144329896907
13643.422758	93.8144329896907
13653.422758	93.8144329896907
13663.422758	93.8144329896907
13673.422758	93.8144329896907
13683.422758	93.8144329896907
13693.422758	93.8144329896907
13703.422758	93.8144329896907
13713.422758	93.8144329896907
13723.422758	93.8144329896907
13733.422758	93.8144329896907
13743.422758	93.8144329896907
13753.422758	93.8144329896907
13763.422758	93.8144329896907
13773.422758	93.8144329896907
13783.422758	93.8144329896907
13793.422758	93.8144329896907
13803.422758	93.8144329896907
13813.422758	93.8144329896907
13823.422758	93.8144329896907
13833.422758	93.8144329896907
13843.422758	93.8144329896907
13853.422758	93.8144329896907
13863.422758	93.8144329896907
13873.422758	93.8144329896907
13883.422758	93.8144329896907
13893.422758	93.8144329896907
13903.422758	93.8144329896907
13913.422758	93.8144329896907
13923.422758	93.8144329896907
13933.422758	93.8144329896907
13943.422758	93.8144329896907
13953.422758	93.8144329896907
13963.422758	93.8144329896907
13973.422758	93.8144329896907
13983.422758	93.8144329896907
13993.422758	93.8144329896907
14003.422758	93.8144329896907
14013.422758	93.8144329896907
14023.422758	93.8144329896907
14033.422758	93.8144329896907
14043.422758	93.8144329896907
14053.422758	93.8144329896907
14063.422758	93.8144329896907
14073.422758	93.8144329896907
14083.422758	93.8144329896907
14093.422758	93.8144329896907
14103.422758	93.8144329896907
14113.422758	93.8144329896907
14123.422758	93.8144329896907
14133.422758	93.8144329896907
14143.422758	93.8144329896907
14153.422758	93.8144329896907
14163.422758	93.8144329896907
14173.422758	93.8144329896907
14183.422758	93.8144329896907
14193.422758	93.8144329896907
14203.422758	93.8144329896907
14213.422758	93.8144329896907
14223.422758	93.8144329896907
14233.422758	93.8144329896907
14243.422758	93.8144329896907
14253.422758	93.8144329896907
14263.422758	93.8144329896907
14273.422758	93.8144329896907
14283.422758	93.8144329896907
14293.422758	93.8144329896907
14303.422758	93.8144329896907
14313.422758	93.8144329896907
14323.422758	93.8144329896907
14333.422758	93.8144329896907
14343.422758	93.8144329896907
14353.422758	93.8144329896907
14363.422758	93.8144329896907
14373.422758	93.8144329896907
14383.422758	93.8144329896907
14393.422758	93.8144329896907
14403.422758	93.8144329896907
14413.422758	93.8144329896907
14423.422758	93.8144329896907
14433.422758	93.8144329896907
14443.422758	93.8144329896907
14453.422758	93.8144329896907
14463.422758	93.8144329896907
14473.422758	93.8144329896907
14483.422758	93.8144329896907
14493.422758	93.8144329896907
14503.422758	93.8144329896907
14513.422758	93.8144329896907
14523.422758	93.8144329896907
14533.422758	93.8144329896907
14543.422758	93.8144329896907
14553.422758	93.8144329896907
14563.422758	93.8144329896907
14573.422758	93.8144329896907
14583.422758	93.8144329896907
14593.422758	93.8144329896907
14603.422758	93.8144329896907
14613.422758	93.8144329896907
14623.422758	93.8144329896907
14633.422758	93.8144329896907
14643.422758	93.8144329896907
14653.422758	93.8144329896907
14663.422758	93.8144329896907
14673.422758	93.8144329896907
14683.422758	93.8144329896907
14693.422758	93.8144329896907
14703.422758	93.8144329896907
14713.422758	93.8144329896907
14723.422758	93.8144329896907
14733.422758	93.8144329896907
14743.422758	93.8144329896907
14753.422758	93.8144329896907
14763.422758	93.8144329896907
14773.422758	93.8144329896907
14783.422758	93.8144329896907
14793.422758	93.8144329896907
14803.422758	93.8144329896907
14813.422758	93.8144329896907
14823.422758	93.8144329896907
14833.422758	93.8144329896907
14843.422758	93.8144329896907
14853.422758	93.8144329896907
14863.422758	93.8144329896907
14873.422758	93.8144329896907
14883.422758	93.8144329896907
14893.422758	93.8144329896907
14903.422758	93.8144329896907
14913.422758	93.8144329896907
14923.422758	93.8144329896907
14933.422758	93.8144329896907
14943.422758	93.8144329896907
14953.422758	93.8144329896907
14963.422758	93.8144329896907
14973.422758	93.8144329896907
14983.422758	93.8144329896907
14993.422758	93.8144329896907
15003.422758	93.8144329896907
15013.422758	93.8144329896907
15023.422758	93.8144329896907
15033.422758	93.8144329896907
15043.422758	93.8144329896907
15053.422758	93.8144329896907
15063.422758	93.8144329896907
15073.422758	93.8144329896907
15083.422758	93.8144329896907
15093.422758	93.8144329896907
15103.422758	93.8144329896907
15113.422758	93.8144329896907
15123.422758	93.8144329896907
15133.422758	93.8144329896907
15143.422758	93.8144329896907
15153.422758	93.8144329896907
15163.422758	93.8144329896907
15173.422758	93.8144329896907
15183.422758	93.8144329896907
15193.422758	93.8144329896907
15203.422758	93.8144329896907
15213.422758	93.8144329896907
15223.422758	93.8144329896907
15233.422758	93.8144329896907
15243.422758	93.8144329896907
15253.422758	93.8144329896907
15263.422758	93.8144329896907
15273.422758	93.8144329896907
15283.422758	93.8144329896907
15293.422758	93.8144329896907
15303.422758	93.8144329896907
15313.422758	93.8144329896907
15323.422758	93.8144329896907
15333.422758	93.8144329896907
15343.422758	93.8144329896907
15353.422758	93.8144329896907
15363.422758	93.8144329896907
15373.422758	93.8144329896907
15383.422758	93.8144329896907
15393.422758	93.8144329896907
15403.422758	93.8144329896907
15413.422758	93.8144329896907
15423.422758	93.8144329896907
15433.422758	93.8144329896907
15443.422758	93.8144329896907
15453.422758	93.8144329896907
15463.422758	93.8144329896907
15473.422758	93.8144329896907
15483.422758	93.8144329896907
15493.422758	93.8144329896907
15503.422758	93.8144329896907
15513.422758	93.8144329896907
15523.422758	93.8144329896907
15533.422758	93.8144329896907
15543.422758	93.8144329896907
15553.422758	93.8144329896907
15563.422758	93.8144329896907
15573.422758	93.8144329896907
15583.422758	93.8144329896907
15593.422758	93.8144329896907
15603.422758	93.8144329896907
15613.422758	93.8144329896907
15623.422758	93.8144329896907
15633.422758	93.8144329896907
15643.422758	93.8144329896907
15653.422758	93.8144329896907
15663.422758	93.8144329896907
15673.422758	93.8144329896907
15683.422758	93.8144329896907
15693.422758	93.8144329896907
15703.422758	93.8144329896907
15713.422758	93.8144329896907
15723.422758	93.8144329896907
15733.422758	93.8144329896907
15743.422758	93.8144329896907
15753.422758	93.8144329896907
15763.422758	93.8144329896907
15773.422758	93.8144329896907
15783.422758	93.8144329896907
15793.422758	93.8144329896907
15803.422758	93.8144329896907
15813.422758	93.8144329896907
15823.422758	93.8144329896907
15833.422758	93.8144329896907
15843.422758	93.8144329896907
15853.422758	93.8144329896907
15863.422758	93.8144329896907
15873.422758	93.8144329896907
15883.422758	93.8144329896907
15893.422758	93.8144329896907
15903.422758	93.8144329896907
15913.422758	93.8144329896907
15923.422758	93.8144329896907
15933.422758	93.8144329896907
15943.422758	93.8144329896907
15953.422758	93.8144329896907
15963.422758	93.8144329896907
15973.422758	93.8144329896907
15983.422758	94.8453608247423
15993.422758	94.8453608247423
16003.422758	94.8453608247423
16013.422758	94.8453608247423
16023.422758	94.8453608247423
16033.422758	94.8453608247423
16043.422758	94.8453608247423
16053.422758	94.8453608247423
16063.422758	94.8453608247423
16073.422758	94.8453608247423
16083.422758	94.8453608247423
16093.422758	94.8453608247423
16103.422758	94.8453608247423
16113.422758	94.8453608247423
16123.422758	94.8453608247423
16133.422758	94.8453608247423
16143.422758	94.8453608247423
16153.422758	94.8453608247423
16163.422758	94.8453608247423
16173.422758	94.8453608247423
16183.422758	94.8453608247423
16193.422758	94.8453608247423
16203.422758	94.8453608247423
16213.422758	94.8453608247423
16223.422758	94.8453608247423
16233.422758	94.8453608247423
16243.422758	94.8453608247423
16253.422758	94.8453608247423
16263.422758	94.8453608247423
16273.422758	94.8453608247423
16283.422758	94.8453608247423
16293.422758	94.8453608247423
16303.422758	94.8453608247423
16313.422758	95.8762886597938
16323.422758	95.8762886597938
16333.422758	95.8762886597938
16343.422758	95.8762886597938
16353.422758	95.8762886597938
16363.422758	95.8762886597938
16373.422758	95.8762886597938
16383.422758	95.8762886597938
16393.422758	95.8762886597938
16403.422758	95.8762886597938
16413.422758	95.8762886597938
16423.422758	95.8762886597938
16433.422758	95.8762886597938
16443.422758	95.8762886597938
16453.422758	95.8762886597938
16463.422758	95.8762886597938
16473.422758	95.8762886597938
16483.422758	95.8762886597938
16493.422758	95.8762886597938
16503.422758	95.8762886597938
16513.422758	95.8762886597938
16523.422758	95.8762886597938
16533.422758	95.8762886597938
16543.422758	95.8762886597938
16553.422758	95.8762886597938
16563.422758	95.8762886597938
16573.422758	95.8762886597938
16583.422758	95.8762886597938
16593.422758	95.8762886597938
16603.422758	95.8762886597938
16613.422758	95.8762886597938
16623.422758	95.8762886597938
16633.422758	95.8762886597938
16643.422758	95.8762886597938
16653.422758	95.8762886597938
16663.422758	95.8762886597938
16673.422758	95.8762886597938
16683.422758	95.8762886597938
16693.422758	95.8762886597938
16703.422758	95.8762886597938
16713.422758	95.8762886597938
16723.422758	95.8762886597938
16733.422758	95.8762886597938
16743.422758	95.8762886597938
16753.422758	95.8762886597938
16763.422758	95.8762886597938
16773.422758	95.8762886597938
16783.422758	95.8762886597938
16793.422758	95.8762886597938
16803.422758	95.8762886597938
16813.422758	95.8762886597938
16823.422758	95.8762886597938
16833.422758	95.8762886597938
16843.422758	95.8762886597938
16853.422758	95.8762886597938
16863.422758	95.8762886597938
16873.422758	95.8762886597938
16883.422758	95.8762886597938
16893.422758	95.8762886597938
16903.422758	95.8762886597938
16913.422758	95.8762886597938
16923.422758	95.8762886597938
16933.422758	95.8762886597938
16943.422758	95.8762886597938
16953.422758	95.8762886597938
16963.422758	95.8762886597938
16973.422758	95.8762886597938
16983.422758	95.8762886597938
16993.422758	95.8762886597938
17003.422758	95.8762886597938
17013.422758	95.8762886597938
17023.422758	95.8762886597938
17033.422758	95.8762886597938
17043.422758	95.8762886597938
17053.422758	95.8762886597938
17063.422758	95.8762886597938
17073.422758	95.8762886597938
17083.422758	95.8762886597938
17093.422758	95.8762886597938
17103.422758	95.8762886597938
17113.422758	95.8762886597938
17123.422758	95.8762886597938
17133.422758	95.8762886597938
17143.422758	95.8762886597938
17153.422758	95.8762886597938
17163.422758	95.8762886597938
17173.422758	95.8762886597938
17183.422758	95.8762886597938
17193.422758	95.8762886597938
17203.422758	95.8762886597938
17213.422758	95.8762886597938
17223.422758	95.8762886597938
17233.422758	95.8762886597938
17243.422758	95.8762886597938
17253.422758	95.8762886597938
17263.422758	95.8762886597938
17273.422758	95.8762886597938
17283.422758	95.8762886597938
17293.422758	95.8762886597938
17303.422758	95.8762886597938
17313.422758	95.8762886597938
17323.422758	95.8762886597938
17333.422758	95.8762886597938
17343.422758	95.8762886597938
17353.422758	95.8762886597938
17363.422758	95.8762886597938
17373.422758	95.8762886597938
17383.422758	95.8762886597938
17393.422758	95.8762886597938
17403.422758	95.8762886597938
17413.422758	95.8762886597938
17423.422758	95.8762886597938
17433.422758	95.8762886597938
17443.422758	95.8762886597938
17453.422758	95.8762886597938
17463.422758	95.8762886597938
17473.422758	95.8762886597938
17483.422758	95.8762886597938
17493.422758	95.8762886597938
17503.422758	95.8762886597938
17513.422758	95.8762886597938
17523.422758	95.8762886597938
17533.422758	95.8762886597938
17543.422758	95.8762886597938
17553.422758	95.8762886597938
17563.422758	95.8762886597938
17573.422758	95.8762886597938
17583.422758	95.8762886597938
17593.422758	95.8762886597938
17603.422758	95.8762886597938
17613.422758	95.8762886597938
17623.422758	95.8762886597938
17633.422758	95.8762886597938
17643.422758	95.8762886597938
17653.422758	95.8762886597938
17663.422758	95.8762886597938
17673.422758	95.8762886597938
17683.422758	95.8762886597938
17693.422758	95.8762886597938
17703.422758	95.8762886597938
17713.422758	95.8762886597938
17723.422758	95.8762886597938
17733.422758	95.8762886597938
17743.422758	95.8762886597938
17753.422758	95.8762886597938
17763.422758	95.8762886597938
17773.422758	95.8762886597938
17783.422758	95.8762886597938
17793.422758	95.8762886597938
17803.422758	95.8762886597938
17813.422758	95.8762886597938
17823.422758	95.8762886597938
17833.422758	95.8762886597938
17843.422758	95.8762886597938
17853.422758	95.8762886597938
17863.422758	95.8762886597938
17873.422758	95.8762886597938
17883.422758	95.8762886597938
17893.422758	95.8762886597938
17903.422758	95.8762886597938
17913.422758	95.8762886597938
17923.422758	95.8762886597938
17933.422758	95.8762886597938
17943.422758	95.8762886597938
17953.422758	95.8762886597938
17963.422758	95.8762886597938
17973.422758	95.8762886597938
17983.422758	95.8762886597938
17993.422758	95.8762886597938
18003.422758	95.8762886597938
18013.422758	95.8762886597938
18023.422758	95.8762886597938
18033.422758	95.8762886597938
18043.422758	95.8762886597938
18053.422758	95.8762886597938
18063.422758	95.8762886597938
18073.422758	95.8762886597938
18083.422758	95.8762886597938
18093.422758	95.8762886597938
18103.422758	95.8762886597938
18113.422758	95.8762886597938
18123.422758	95.8762886597938
18133.422758	95.8762886597938
18143.422758	95.8762886597938
18153.422758	95.8762886597938
18163.422758	95.8762886597938
18173.422758	95.8762886597938
18183.422758	95.8762886597938
18193.422758	95.8762886597938
18203.422758	95.8762886597938
18213.422758	95.8762886597938
18223.422758	95.8762886597938
18233.422758	95.8762886597938
18243.422758	95.8762886597938
18253.422758	95.8762886597938
18263.422758	95.8762886597938
18273.422758	95.8762886597938
18283.422758	95.8762886597938
18293.422758	95.8762886597938
18303.422758	95.8762886597938
18313.422758	95.8762886597938
18323.422758	95.8762886597938
18333.422758	95.8762886597938
18343.422758	95.8762886597938
18353.422758	95.8762886597938
18363.422758	95.8762886597938
18373.422758	95.8762886597938
18383.422758	95.8762886597938
18393.422758	95.8762886597938
18403.422758	95.8762886597938
18413.422758	95.8762886597938
18423.422758	95.8762886597938
18433.422758	95.8762886597938
18443.422758	95.8762886597938
18453.422758	95.8762886597938
18463.422758	95.8762886597938
18473.422758	95.8762886597938
18483.422758	95.8762886597938
18493.422758	95.8762886597938
18503.422758	95.8762886597938
18513.422758	95.8762886597938
18523.422758	95.8762886597938
18533.422758	95.8762886597938
18543.422758	95.8762886597938
18553.422758	95.8762886597938
18563.422758	95.8762886597938
18573.422758	95.8762886597938
18583.422758	95.8762886597938
18593.422758	95.8762886597938
18603.422758	95.8762886597938
18613.422758	95.8762886597938
18623.422758	95.8762886597938
18633.422758	95.8762886597938
18643.422758	95.8762886597938
18653.422758	95.8762886597938
18663.422758	95.8762886597938
18673.422758	95.8762886597938
18683.422758	95.8762886597938
18693.422758	95.8762886597938
18703.422758	95.8762886597938
18713.422758	95.8762886597938
18723.422758	95.8762886597938
18733.422758	95.8762886597938
18743.422758	95.8762886597938
18753.422758	95.8762886597938
18763.422758	95.8762886597938
18773.422758	95.8762886597938
18783.422758	95.8762886597938
18793.422758	95.8762886597938
18803.422758	95.8762886597938
18813.422758	95.8762886597938
18823.422758	95.8762886597938
18833.422758	95.8762886597938
18843.422758	95.8762886597938
18853.422758	95.8762886597938
18863.422758	95.8762886597938
18873.422758	95.8762886597938
18883.422758	95.8762886597938
18893.422758	95.8762886597938
18903.422758	95.8762886597938
18913.422758	95.8762886597938
18923.422758	95.8762886597938
18933.422758	95.8762886597938
18943.422758	95.8762886597938
18953.422758	95.8762886597938
18963.422758	95.8762886597938
18973.422758	95.8762886597938
18983.422758	95.8762886597938
18993.422758	95.8762886597938
19003.422758	95.8762886597938
19013.422758	95.8762886597938
19023.422758	95.8762886597938
19033.422758	95.8762886597938
19043.422758	95.8762886597938
19053.422758	95.8762886597938
19063.422758	95.8762886597938
19073.422758	95.8762886597938
19083.422758	95.8762886597938
19093.422758	95.8762886597938
19103.422758	95.8762886597938
19113.422758	95.8762886597938
19123.422758	95.8762886597938
19133.422758	95.8762886597938
19143.422758	95.8762886597938
19153.422758	95.8762886597938
19163.422758	95.8762886597938
19173.422758	95.8762886597938
19183.422758	95.8762886597938
19193.422758	95.8762886597938
19203.422758	95.8762886597938
19213.422758	95.8762886597938
19223.422758	95.8762886597938
19233.422758	95.8762886597938
19243.422758	95.8762886597938
19253.422758	95.8762886597938
19263.422758	95.8762886597938
19273.422758	95.8762886597938
19283.422758	95.8762886597938
19293.422758	95.8762886597938
19303.422758	95.8762886597938
19313.422758	95.8762886597938
19323.422758	95.8762886597938
19333.422758	95.8762886597938
19343.422758	95.8762886597938
19353.422758	95.8762886597938
19363.422758	95.8762886597938
19373.422758	95.8762886597938
19383.422758	95.8762886597938
19393.422758	95.8762886597938
19403.422758	95.8762886597938
19413.422758	95.8762886597938
19423.422758	95.8762886597938
19433.422758	95.8762886597938
19443.422758	95.8762886597938
19453.422758	95.8762886597938
19463.422758	95.8762886597938
19473.422758	95.8762886597938
19483.422758	95.8762886597938
19493.422758	95.8762886597938
19503.422758	95.8762886597938
19513.422758	95.8762886597938
19523.422758	95.8762886597938
19533.422758	95.8762886597938
19543.422758	95.8762886597938
19553.422758	95.8762886597938
19563.422758	95.8762886597938
19573.422758	95.8762886597938
19583.422758	95.8762886597938
19593.422758	95.8762886597938
19603.422758	95.8762886597938
19613.422758	95.8762886597938
19623.422758	95.8762886597938
19633.422758	95.8762886597938
19643.422758	95.8762886597938
19653.422758	95.8762886597938
19663.422758	95.8762886597938
19673.422758	95.8762886597938
19683.422758	95.8762886597938
19693.422758	95.8762886597938
19703.422758	95.8762886597938
19713.422758	95.8762886597938
19723.422758	95.8762886597938
19733.422758	95.8762886597938
19743.422758	95.8762886597938
19753.422758	95.8762886597938
19763.422758	95.8762886597938
19773.422758	95.8762886597938
19783.422758	95.8762886597938
19793.422758	95.8762886597938
19803.422758	95.8762886597938
19813.422758	95.8762886597938
19823.422758	95.8762886597938
19833.422758	95.8762886597938
19843.422758	95.8762886597938
19853.422758	95.8762886597938
19863.422758	95.8762886597938
19873.422758	95.8762886597938
19883.422758	95.8762886597938
19893.422758	95.8762886597938
19903.422758	95.8762886597938
19913.422758	95.8762886597938
19923.422758	95.8762886597938
19933.422758	95.8762886597938
19943.422758	95.8762886597938
19953.422758	95.8762886597938
19963.422758	96.9072164948454
19973.422758	96.9072164948454
19983.422758	96.9072164948454
19993.422758	96.9072164948454
20003.422758	96.9072164948454
20013.422758	96.9072164948454
20023.422758	96.9072164948454
20033.422758	96.9072164948454
20043.422758	96.9072164948454
20053.422758	96.9072164948454
20063.422758	96.9072164948454
20073.422758	96.9072164948454
20083.422758	96.9072164948454
20093.422758	96.9072164948454
20103.422758	96.9072164948454
20113.422758	96.9072164948454
20123.422758	96.9072164948454
20133.422758	96.9072164948454
20143.422758	96.9072164948454
20153.422758	96.9072164948454
20163.422758	96.9072164948454
20173.422758	96.9072164948454
20183.422758	96.9072164948454
20193.422758	96.9072164948454
20203.422758	96.9072164948454
20213.422758	96.9072164948454
20223.422758	96.9072164948454
20233.422758	96.9072164948454
20243.422758	96.9072164948454
20253.422758	96.9072164948454
20263.422758	96.9072164948454
20273.422758	96.9072164948454
20283.422758	96.9072164948454
20293.422758	96.9072164948454
20303.422758	96.9072164948454
20313.422758	96.9072164948454
20323.422758	96.9072164948454
20333.422758	96.9072164948454
20343.422758	96.9072164948454
20353.422758	96.9072164948454
20363.422758	96.9072164948454
20373.422758	96.9072164948454
20383.422758	96.9072164948454
20393.422758	96.9072164948454
20403.422758	96.9072164948454
20413.422758	96.9072164948454
20423.422758	96.9072164948454
20433.422758	96.9072164948454
20443.422758	96.9072164948454
20453.422758	96.9072164948454
20463.422758	96.9072164948454
20473.422758	96.9072164948454
20483.422758	96.9072164948454
20493.422758	96.9072164948454
20503.422758	96.9072164948454
20513.422758	96.9072164948454
20523.422758	96.9072164948454
20533.422758	96.9072164948454
20543.422758	96.9072164948454
20553.422758	96.9072164948454
20563.422758	96.9072164948454
20573.422758	96.9072164948454
20583.422758	96.9072164948454
20593.422758	96.9072164948454
20603.422758	96.9072164948454
20613.422758	96.9072164948454
20623.422758	96.9072164948454
20633.422758	96.9072164948454
20643.422758	96.9072164948454
20653.422758	96.9072164948454
20663.422758	96.9072164948454
20673.422758	96.9072164948454
20683.422758	96.9072164948454
20693.422758	96.9072164948454
20703.422758	96.9072164948454
20713.422758	96.9072164948454
20723.422758	96.9072164948454
20733.422758	96.9072164948454
20743.422758	96.9072164948454
20753.422758	96.9072164948454
20763.422758	96.9072164948454
20773.422758	96.9072164948454
20783.422758	96.9072164948454
20793.422758	96.9072164948454
20803.422758	96.9072164948454
20813.422758	96.9072164948454
20823.422758	96.9072164948454
20833.422758	96.9072164948454
20843.422758	96.9072164948454
20853.422758	96.9072164948454
20863.422758	96.9072164948454
20873.422758	96.9072164948454
20883.422758	96.9072164948454
20893.422758	96.9072164948454
20903.422758	96.9072164948454
20913.422758	96.9072164948454
20923.422758	96.9072164948454
20933.422758	96.9072164948454
20943.422758	96.9072164948454
20953.422758	96.9072164948454
20963.422758	96.9072164948454
20973.422758	96.9072164948454
20983.422758	96.9072164948454
20993.422758	96.9072164948454
21003.422758	96.9072164948454
21013.422758	96.9072164948454
21023.422758	96.9072164948454
21033.422758	96.9072164948454
21043.422758	96.9072164948454
21053.422758	96.9072164948454
21063.422758	96.9072164948454
21073.422758	96.9072164948454
21083.422758	96.9072164948454
21093.422758	96.9072164948454
21103.422758	96.9072164948454
21113.422758	96.9072164948454
21123.422758	96.9072164948454
21133.422758	96.9072164948454
21143.422758	96.9072164948454
21153.422758	96.9072164948454
21163.422758	96.9072164948454
21173.422758	96.9072164948454
21183.422758	97.9381443298969
21193.422758	97.9381443298969
21203.422758	97.9381443298969
21213.422758	97.9381443298969
21223.422758	97.9381443298969
21233.422758	97.9381443298969
21243.422758	97.9381443298969
21253.422758	97.9381443298969
21263.422758	97.9381443298969
21273.422758	97.9381443298969
21283.422758	97.9381443298969
21293.422758	97.9381443298969
21303.422758	97.9381443298969
21313.422758	97.9381443298969
21323.422758	97.9381443298969
21333.422758	97.9381443298969
21343.422758	97.9381443298969
21353.422758	97.9381443298969
21363.422758	97.9381443298969
21373.422758	97.9381443298969
21383.422758	97.9381443298969
21393.422758	97.9381443298969
21403.422758	97.9381443298969
21413.422758	97.9381443298969
21423.422758	97.9381443298969
21433.422758	97.9381443298969
21443.422758	97.9381443298969
21453.422758	97.9381443298969
21463.422758	97.9381443298969
21473.422758	97.9381443298969
21483.422758	97.9381443298969
21493.422758	97.9381443298969
21503.422758	97.9381443298969
21513.422758	97.9381443298969
21523.422758	97.9381443298969
21533.422758	97.9381443298969
21543.422758	97.9381443298969
21553.422758	97.9381443298969
21563.422758	97.9381443298969
21573.422758	97.9381443298969
21583.422758	97.9381443298969
21593.422758	97.9381443298969
21603.422758	97.9381443298969
21613.422758	97.9381443298969
21623.422758	97.9381443298969
21633.422758	97.9381443298969
21643.422758	97.9381443298969
21653.422758	97.9381443298969
21663.422758	97.9381443298969
21673.422758	97.9381443298969
21683.422758	97.9381443298969
21693.422758	97.9381443298969
21703.422758	97.9381443298969
21713.422758	97.9381443298969
21723.422758	97.9381443298969
21733.422758	97.9381443298969
21743.422758	97.9381443298969
21753.422758	97.9381443298969
21763.422758	97.9381443298969
21773.422758	97.9381443298969
21783.422758	97.9381443298969
21793.422758	97.9381443298969
21803.422758	97.9381443298969
21813.422758	97.9381443298969
21823.422758	97.9381443298969
21833.422758	97.9381443298969
21843.422758	97.9381443298969
21853.422758	97.9381443298969
21863.422758	97.9381443298969
21873.422758	97.9381443298969
21883.422758	97.9381443298969
21893.422758	97.9381443298969
21903.422758	97.9381443298969
21913.422758	97.9381443298969
21923.422758	97.9381443298969
21933.422758	97.9381443298969
21943.422758	97.9381443298969
21953.422758	97.9381443298969
21963.422758	97.9381443298969
21973.422758	97.9381443298969
21983.422758	97.9381443298969
21993.422758	97.9381443298969
22003.422758	97.9381443298969
22013.422758	97.9381443298969
22023.422758	97.9381443298969
22033.422758	97.9381443298969
22043.422758	97.9381443298969
22053.422758	97.9381443298969
22063.422758	97.9381443298969
22073.422758	97.9381443298969
22083.422758	97.9381443298969
22093.422758	97.9381443298969
22103.422758	97.9381443298969
22113.422758	97.9381443298969
22123.422758	97.9381443298969
22133.422758	97.9381443298969
22143.422758	97.9381443298969
22153.422758	97.9381443298969
22163.422758	97.9381443298969
22173.422758	97.9381443298969
22183.422758	97.9381443298969
22193.422758	97.9381443298969
22203.422758	97.9381443298969
22213.422758	97.9381443298969
22223.422758	97.9381443298969
22233.422758	97.9381443298969
22243.422758	97.9381443298969
22253.422758	97.9381443298969
22263.422758	97.9381443298969
22273.422758	97.9381443298969
22283.422758	97.9381443298969
22293.422758	97.9381443298969
22303.422758	97.9381443298969
22313.422758	97.9381443298969
22323.422758	97.9381443298969
22333.422758	97.9381443298969
22343.422758	97.9381443298969
22353.422758	97.9381443298969
22363.422758	97.9381443298969
22373.422758	97.9381443298969
22383.422758	97.9381443298969
22393.422758	97.9381443298969
22403.422758	97.9381443298969
22413.422758	97.9381443298969
22423.422758	97.9381443298969
22433.422758	97.9381443298969
22443.422758	97.9381443298969
22453.422758	97.9381443298969
22463.422758	97.9381443298969
22473.422758	97.9381443298969
22483.422758	97.9381443298969
22493.422758	97.9381443298969
22503.422758	97.9381443298969
22513.422758	97.9381443298969
22523.422758	97.9381443298969
22533.422758	97.9381443298969
22543.422758	97.9381443298969
22553.422758	97.9381443298969
22563.422758	97.9381443298969
22573.422758	97.9381443298969
22583.422758	97.9381443298969
22593.422758	97.9381443298969
22603.422758	97.9381443298969
22613.422758	97.9381443298969
22623.422758	97.9381443298969
22633.422758	97.9381443298969
22643.422758	97.9381443298969
22653.422758	97.9381443298969
22663.422758	97.9381443298969
22673.422758	97.9381443298969
22683.422758	97.9381443298969
22693.422758	97.9381443298969
22703.422758	97.9381443298969
22713.422758	97.9381443298969
22723.422758	97.9381443298969
22733.422758	97.9381443298969
22743.422758	97.9381443298969
22753.422758	97.9381443298969
22763.422758	97.9381443298969
22773.422758	97.9381443298969
22783.422758	97.9381443298969
22793.422758	97.9381443298969
22803.422758	97.9381443298969
22813.422758	97.9381443298969
22823.422758	97.9381443298969
22833.422758	97.9381443298969
22843.422758	97.9381443298969
22853.422758	97.9381443298969
22863.422758	97.9381443298969
22873.422758	97.9381443298969
22883.422758	97.9381443298969
22893.422758	97.9381443298969
22903.422758	97.9381443298969
22913.422758	97.9381443298969
22923.422758	97.9381443298969
22933.422758	97.9381443298969
22943.422758	97.9381443298969
22953.422758	97.9381443298969
22963.422758	97.9381443298969
22973.422758	97.9381443298969
22983.422758	97.9381443298969
22993.422758	97.9381443298969
23003.422758	97.9381443298969
23013.422758	97.9381443298969
23023.422758	97.9381443298969
23033.422758	97.9381443298969
23043.422758	97.9381443298969
23053.422758	97.9381443298969
23063.422758	97.9381443298969
23073.422758	97.9381443298969
23083.422758	97.9381443298969
23093.422758	97.9381443298969
23103.422758	97.9381443298969
23113.422758	97.9381443298969
23123.422758	97.9381443298969
23133.422758	97.9381443298969
23143.422758	97.9381443298969
23153.422758	97.9381443298969
23163.422758	97.9381443298969
23173.422758	97.9381443298969
23183.422758	97.9381443298969
23193.422758	97.9381443298969
23203.422758	97.9381443298969
23213.422758	97.9381443298969
23223.422758	97.9381443298969
23233.422758	97.9381443298969
23243.422758	97.9381443298969
23253.422758	97.9381443298969
23263.422758	97.9381443298969
23273.422758	97.9381443298969
23283.422758	97.9381443298969
23293.422758	97.9381443298969
23303.422758	97.9381443298969
23313.422758	97.9381443298969
23323.422758	97.9381443298969
23333.422758	97.9381443298969
23343.422758	97.9381443298969
23353.422758	97.9381443298969
23363.422758	97.9381443298969
23373.422758	97.9381443298969
23383.422758	97.9381443298969
23393.422758	97.9381443298969
23403.422758	97.9381443298969
23413.422758	97.9381443298969
23423.422758	97.9381443298969
23433.422758	97.9381443298969
23443.422758	97.9381443298969
23453.422758	97.9381443298969
23463.422758	97.9381443298969
23473.422758	97.9381443298969
23483.422758	97.9381443298969
23493.422758	97.9381443298969
23503.422758	97.9381443298969
23513.422758	97.9381443298969
23523.422758	97.9381443298969
23533.422758	97.9381443298969
23543.422758	97.9381443298969
23553.422758	97.9381443298969
23563.422758	97.9381443298969
23573.422758	97.9381443298969
23583.422758	97.9381443298969
23593.422758	97.9381443298969
23603.422758	97.9381443298969
23613.422758	97.9381443298969
23623.422758	97.9381443298969
23633.422758	97.9381443298969
23643.422758	97.9381443298969
23653.422758	97.9381443298969
23663.422758	98.9690721649485
23673.422758	98.9690721649485
23683.422758	98.9690721649485
23693.422758	98.9690721649485
23703.422758	98.9690721649485
23713.422758	98.9690721649485
23723.422758	98.9690721649485
23733.422758	98.9690721649485
23743.422758	98.9690721649485
23753.422758	98.9690721649485
23763.422758	98.9690721649485
23773.422758	98.9690721649485
23783.422758	98.9690721649485
23793.422758	98.9690721649485
23803.422758	98.9690721649485
23813.422758	98.9690721649485
23823.422758	98.9690721649485
23833.422758	98.9690721649485
23843.422758	98.9690721649485
23853.422758	98.9690721649485
23863.422758	98.9690721649485
23873.422758	98.9690721649485
23883.422758	98.9690721649485
23893.422758	98.9690721649485
23903.422758	98.9690721649485
23913.422758	98.9690721649485
23923.422758	98.9690721649485
23933.422758	98.9690721649485
23943.422758	98.9690721649485
23953.422758	98.9690721649485
23963.422758	98.9690721649485
23973.422758	98.9690721649485
23983.422758	98.9690721649485
23993.422758	98.9690721649485
24003.422758	98.9690721649485
24013.422758	98.9690721649485
24023.422758	98.9690721649485
24033.422758	98.9690721649485
24043.422758	98.9690721649485
24053.422758	98.9690721649485
24063.422758	98.9690721649485
24073.422758	98.9690721649485
24083.422758	98.9690721649485
24093.422758	98.9690721649485
24103.422758	98.9690721649485
24113.422758	98.9690721649485
24123.422758	98.9690721649485
24133.422758	98.9690721649485
24143.422758	98.9690721649485
24153.422758	98.9690721649485
24163.422758	98.9690721649485
24173.422758	98.9690721649485
24183.422758	98.9690721649485
24193.422758	98.9690721649485
24203.422758	98.9690721649485
24213.422758	98.9690721649485
24223.422758	98.9690721649485
24233.422758	98.9690721649485
24243.422758	98.9690721649485
24253.422758	98.9690721649485
24263.422758	98.9690721649485
24273.422758	98.9690721649485
24283.422758	98.9690721649485
24293.422758	98.9690721649485
24303.422758	98.9690721649485
24313.422758	98.9690721649485
24323.422758	98.9690721649485
24333.422758	98.9690721649485
24343.422758	98.9690721649485
24353.422758	98.9690721649485
24363.422758	98.9690721649485
24373.422758	98.9690721649485
24383.422758	98.9690721649485
24393.422758	98.9690721649485
24403.422758	98.9690721649485
24413.422758	98.9690721649485
24423.422758	98.9690721649485
24433.422758	98.9690721649485
24443.422758	98.9690721649485
24453.422758	98.9690721649485
24463.422758	98.9690721649485
24473.422758	98.9690721649485
24483.422758	98.9690721649485
24493.422758	98.9690721649485
24503.422758	98.9690721649485
24513.422758	98.9690721649485
24523.422758	98.9690721649485
24533.422758	98.9690721649485
24543.422758	98.9690721649485
24553.422758	98.9690721649485
24563.422758	98.9690721649485
24573.422758	98.9690721649485
24583.422758	98.9690721649485
24593.422758	98.9690721649485
24603.422758	98.9690721649485
24613.422758	98.9690721649485
24623.422758	98.9690721649485
24633.422758	98.9690721649485
24643.422758	98.9690721649485
24653.422758	98.9690721649485
24663.422758	98.9690721649485
24673.422758	98.9690721649485
24683.422758	98.9690721649485
24693.422758	98.9690721649485
24703.422758	98.9690721649485
24713.422758	98.9690721649485
24723.422758	98.9690721649485
24733.422758	98.9690721649485
24743.422758	98.9690721649485
24753.422758	98.9690721649485
24763.422758	98.9690721649485
24773.422758	98.9690721649485
24783.422758	98.9690721649485
24793.422758	98.9690721649485
24803.422758	98.9690721649485
24813.422758	98.9690721649485
24823.422758	98.9690721649485
24833.422758	98.9690721649485
24843.422758	98.9690721649485
24853.422758	98.9690721649485
24863.422758	98.9690721649485
24873.422758	98.9690721649485
24883.422758	98.9690721649485
24893.422758	98.9690721649485
24903.422758	98.9690721649485
24913.422758	98.9690721649485
24923.422758	98.9690721649485
24933.422758	98.9690721649485
24943.422758	98.9690721649485
24953.422758	98.9690721649485
24963.422758	98.9690721649485
24973.422758	98.9690721649485
24983.422758	98.9690721649485
24993.422758	98.9690721649485
25003.422758	98.9690721649485
25013.422758	98.9690721649485
25023.422758	98.9690721649485
25033.422758	98.9690721649485
25043.422758	98.9690721649485
25053.422758	98.9690721649485
25063.422758	98.9690721649485
25073.422758	98.9690721649485
25083.422758	98.9690721649485
25093.422758	98.9690721649485
25103.422758	98.9690721649485
25113.422758	98.9690721649485
25123.422758	98.9690721649485
25133.422758	98.9690721649485
25143.422758	98.9690721649485
25153.422758	98.9690721649485
25163.422758	98.9690721649485
25173.422758	98.9690721649485
25183.422758	98.9690721649485
25193.422758	98.9690721649485
25203.422758	98.9690721649485
25213.422758	98.9690721649485
25223.422758	98.9690721649485
25233.422758	98.9690721649485
25243.422758	98.9690721649485
25253.422758	98.9690721649485
25263.422758	98.9690721649485
25273.422758	98.9690721649485
25283.422758	98.9690721649485
25293.422758	98.9690721649485
25303.422758	98.9690721649485
25313.422758	98.9690721649485
25323.422758	98.9690721649485
25333.422758	98.9690721649485
25343.422758	98.9690721649485
25353.422758	98.9690721649485
25363.422758	98.9690721649485
25373.422758	98.9690721649485
25383.422758	98.9690721649485
25393.422758	98.9690721649485
25403.422758	98.9690721649485
25413.422758	98.9690721649485
25423.422758	98.9690721649485
25433.422758	98.9690721649485
25443.422758	98.9690721649485
25453.422758	98.9690721649485
25463.422758	98.9690721649485
25473.422758	98.9690721649485
25483.422758	98.9690721649485
25493.422758	98.9690721649485
25503.422758	98.9690721649485
25513.422758	98.9690721649485
25523.422758	98.9690721649485
25533.422758	98.9690721649485
25543.422758	98.9690721649485
25553.422758	98.9690721649485
25563.422758	98.9690721649485
25573.422758	98.9690721649485
25583.422758	98.9690721649485
25593.422758	98.9690721649485
25603.422758	98.9690721649485
25613.422758	98.9690721649485
25623.422758	98.9690721649485
25633.422758	98.9690721649485
25643.422758	98.9690721649485
25653.422758	98.9690721649485
25663.422758	98.9690721649485
25673.422758	98.9690721649485
25683.422758	98.9690721649485
25693.422758	98.9690721649485
25703.422758	98.9690721649485
25713.422758	98.9690721649485
25723.422758	98.9690721649485
25733.422758	98.9690721649485
25743.422758	98.9690721649485
25753.422758	98.9690721649485
25763.422758	98.9690721649485
25773.422758	98.9690721649485
25783.422758	98.9690721649485
25793.422758	98.9690721649485
25803.422758	98.9690721649485
25813.422758	98.9690721649485
25823.422758	98.9690721649485
25833.422758	98.9690721649485
25843.422758	98.9690721649485
25853.422758	98.9690721649485
25863.422758	98.9690721649485
25873.422758	98.9690721649485
25883.422758	98.9690721649485
25893.422758	98.9690721649485
25903.422758	98.9690721649485
25913.422758	98.9690721649485
25923.422758	98.9690721649485
25933.422758	98.9690721649485
25943.422758	98.9690721649485
25953.422758	98.9690721649485
25963.422758	98.9690721649485
25973.422758	98.9690721649485
25983.422758	98.9690721649485
25993.422758	98.9690721649485
26003.422758	98.9690721649485
26013.422758	98.9690721649485
26023.422758	98.9690721649485
26033.422758	98.9690721649485
26043.422758	98.9690721649485
26053.422758	98.9690721649485
26063.422758	98.9690721649485
26073.422758	98.9690721649485
26083.422758	98.9690721649485
26093.422758	98.9690721649485
26103.422758	98.9690721649485
26113.422758	98.9690721649485
26123.422758	98.9690721649485
26133.422758	98.9690721649485
26143.422758	98.9690721649485
26153.422758	98.9690721649485
26163.422758	98.9690721649485
26173.422758	98.9690721649485
26183.422758	98.9690721649485
26193.422758	98.9690721649485
26203.422758	98.9690721649485
26213.422758	98.9690721649485
26223.422758	98.9690721649485
26233.422758	98.9690721649485
26243.422758	98.9690721649485
26253.422758	98.9690721649485
26263.422758	98.9690721649485
26273.422758	98.9690721649485
26283.422758	98.9690721649485
26293.422758	98.9690721649485
26303.422758	98.9690721649485
26313.422758	98.9690721649485
26323.422758	98.9690721649485
26333.422758	98.9690721649485
26343.422758	98.9690721649485
26353.422758	98.9690721649485
26363.422758	98.9690721649485
26373.422758	98.9690721649485
26383.422758	98.9690721649485
26393.422758	98.9690721649485
26403.422758	98.9690721649485
26413.422758	98.9690721649485
26423.422758	98.9690721649485
26433.422758	98.9690721649485
26443.422758	98.9690721649485
26453.422758	98.9690721649485
26463.422758	98.9690721649485
26473.422758	98.9690721649485
26483.422758	98.9690721649485
26493.422758	98.9690721649485
26503.422758	98.9690721649485
26513.422758	98.9690721649485
26523.422758	98.9690721649485
26533.422758	98.9690721649485
26543.422758	98.9690721649485
26553.422758	98.9690721649485
26563.422758	98.9690721649485
26573.422758	98.9690721649485
26583.422758	98.9690721649485
26593.422758	98.9690721649485
26603.422758	98.9690721649485
26613.422758	98.9690721649485
26623.422758	98.9690721649485
26633.422758	98.9690721649485
26643.422758	98.9690721649485
26653.422758	98.9690721649485
26663.422758	98.9690721649485
26673.422758	98.9690721649485
26683.422758	98.9690721649485
26693.422758	98.9690721649485
26703.422758	98.9690721649485
26713.422758	98.9690721649485
26723.422758	98.9690721649485
26733.422758	98.9690721649485
26743.422758	98.9690721649485
26753.422758	98.9690721649485
26763.422758	98.9690721649485
26773.422758	98.9690721649485
26783.422758	98.9690721649485
26793.422758	98.9690721649485
26803.422758	98.9690721649485
26813.422758	98.9690721649485
26823.422758	98.9690721649485
26833.422758	98.9690721649485
26843.422758	98.9690721649485
26853.422758	98.9690721649485
26863.422758	98.9690721649485
26873.422758	98.9690721649485
26883.422758	98.9690721649485
26893.422758	98.9690721649485
26903.422758	98.9690721649485
26913.422758	98.9690721649485
26923.422758	98.9690721649485
26933.422758	98.9690721649485
26943.422758	98.9690721649485
26953.422758	98.9690721649485
26963.422758	98.9690721649485
26973.422758	98.9690721649485
26983.422758	98.9690721649485
26993.422758	98.9690721649485
27003.422758	98.9690721649485
27013.422758	98.9690721649485
27023.422758	98.9690721649485
27033.422758	98.9690721649485
27043.422758	98.9690721649485
27053.422758	98.9690721649485
27063.422758	98.9690721649485
27073.422758	98.9690721649485
27083.422758	98.9690721649485
27093.422758	98.9690721649485
27103.422758	98.9690721649485
27113.422758	98.9690721649485
27123.422758	98.9690721649485
27133.422758	98.9690721649485
27143.422758	98.9690721649485
27153.422758	98.9690721649485
27163.422758	98.9690721649485
27173.422758	98.9690721649485
27183.422758	98.9690721649485
27193.422758	98.9690721649485
27203.422758	98.9690721649485
27213.422758	98.9690721649485
27223.422758	98.9690721649485
27233.422758	98.9690721649485
27243.422758	98.9690721649485
27253.422758	98.9690721649485
27263.422758	98.9690721649485
27273.422758	98.9690721649485
27283.422758	98.9690721649485
27293.422758	98.9690721649485
27303.422758	98.9690721649485
27313.422758	98.9690721649485
27323.422758	98.9690721649485
27333.422758	98.9690721649485
27343.422758	98.9690721649485
27353.422758	98.9690721649485
27363.422758	98.9690721649485
27373.422758	98.9690721649485
27383.422758	98.9690721649485
27393.422758	98.9690721649485
27403.422758	98.9690721649485
27413.422758	98.9690721649485
27423.422758	98.9690721649485
27433.422758	98.9690721649485
27443.422758	98.9690721649485
27453.422758	98.9690721649485
27463.422758	98.9690721649485
27473.422758	98.9690721649485
27483.422758	98.9690721649485
27493.422758	98.9690721649485
27503.422758	98.9690721649485
27513.422758	98.9690721649485
27523.422758	98.9690721649485
27533.422758	98.9690721649485
27543.422758	98.9690721649485
27553.422758	98.9690721649485
27563.422758	98.9690721649485
27573.422758	98.9690721649485
27583.422758	98.9690721649485
27593.422758	98.9690721649485
27603.422758	98.9690721649485
27613.422758	98.9690721649485
27623.422758	98.9690721649485
27633.422758	98.9690721649485
27643.422758	98.9690721649485
27653.422758	98.9690721649485
27663.422758	98.9690721649485
27673.422758	98.9690721649485
27683.422758	98.9690721649485
27693.422758	98.9690721649485
27703.422758	98.9690721649485
27713.422758	98.9690721649485
27723.422758	98.9690721649485
27733.422758	98.9690721649485
27743.422758	98.9690721649485
27753.422758	98.9690721649485
27763.422758	98.9690721649485
27773.422758	98.9690721649485
27783.422758	98.9690721649485
27793.422758	98.9690721649485
27803.422758	98.9690721649485
27813.422758	98.9690721649485
27823.422758	98.9690721649485
27833.422758	98.9690721649485
27843.422758	98.9690721649485
27853.422758	98.9690721649485
27863.422758	98.9690721649485
27873.422758	98.9690721649485
27883.422758	98.9690721649485
27893.422758	98.9690721649485
27903.422758	98.9690721649485
27913.422758	98.9690721649485
27923.422758	98.9690721649485
27933.422758	98.9690721649485
27943.422758	98.9690721649485
27953.422758	98.9690721649485
27963.422758	98.9690721649485
27973.422758	98.9690721649485
27983.422758	98.9690721649485
27993.422758	98.9690721649485
28003.422758	98.9690721649485
28013.422758	98.9690721649485
28023.422758	98.9690721649485
28033.422758	98.9690721649485
28043.422758	98.9690721649485
28053.422758	98.9690721649485
28063.422758	98.9690721649485
28073.422758	98.9690721649485
28083.422758	98.9690721649485
28093.422758	98.9690721649485
28103.422758	98.9690721649485
28113.422758	98.9690721649485
28123.422758	98.9690721649485
28133.422758	98.9690721649485
28143.422758	98.9690721649485
28153.422758	98.9690721649485
28163.422758	98.9690721649485
28173.422758	98.9690721649485
28183.422758	98.9690721649485
28193.422758	98.9690721649485
28203.422758	98.9690721649485
28213.422758	98.9690721649485
28223.422758	98.9690721649485
28233.422758	98.9690721649485
28243.422758	98.9690721649485
28253.422758	98.9690721649485
28263.422758	98.9690721649485
28273.422758	98.9690721649485
28283.422758	98.9690721649485
28293.422758	98.9690721649485
28303.422758	98.9690721649485
28313.422758	98.9690721649485
28323.422758	98.9690721649485
28333.422758	98.9690721649485
28343.422758	98.9690721649485
28353.422758	98.9690721649485
28363.422758	98.9690721649485
28373.422758	98.9690721649485
28383.422758	98.9690721649485
28393.422758	98.9690721649485
28403.422758	98.9690721649485
28413.422758	98.9690721649485
28423.422758	98.9690721649485
28433.422758	98.9690721649485
28443.422758	98.9690721649485
28453.422758	98.9690721649485
28463.422758	98.9690721649485
28473.422758	98.9690721649485
28483.422758	98.9690721649485
28493.422758	98.9690721649485
28503.422758	98.9690721649485
28513.422758	98.9690721649485
28523.422758	98.9690721649485
28533.422758	100
