	60.4444444444444
10	60.4444444444444
20	60.4444444444444
30	60.4444444444444
40	60.4444444444444
50	60.4444444444444
60	60.4444444444444
70	60.4444444444444
80	60.4444444444444
90	60.4444444444444
100	60.4444444444444
110	60.4444444444444
120	60.4444444444444
130	60.4444444444444
140	60.4444444444444
150	60.4444444444444
160	60.4444444444444
170	60.4444444444444
180	60.4444444444444
190	60.4444444444444
200	60.4444444444444
210	60.4444444444444
220	60.4444444444444
230	60.4444444444444
240	60.4444444444444
250	60.4444444444444
260	60.4444444444444
270	60.4444444444444
280	60.4444444444444
290	60.4444444444444
300	60.4444444444444
310	60.4444444444444
320	60.4444444444444
330	60.4444444444444
340	60.4444444444444
350	60.4444444444444
360	60.6666666666667
370	60.6666666666667
380	60.6666666666667
390	60.6666666666667
400	60.6666666666667
410	60.8888888888889
420	60.8888888888889
430	60.8888888888889
440	60.8888888888889
450	60.8888888888889
460	60.8888888888889
470	61.1111111111111
480	61.3333333333333
490	61.3333333333333
500	61.3333333333333
510	61.3333333333333
520	61.3333333333333
530	61.3333333333333
540	61.5555555555556
550	61.5555555555556
560	61.5555555555556
570	61.7777777777778
580	61.7777777777778
590	61.7777777777778
600	61.7777777777778
610	61.7777777777778
620	61.7777777777778
630	61.7777777777778
640	61.7777777777778
650	61.7777777777778
660	61.7777777777778
670	62
680	62.2222222222222
690	62.2222222222222
700	62.2222222222222
710	62.2222222222222
720	62.2222222222222
730	62.2222222222222
740	62.2222222222222
750	62.2222222222222
760	62.4444444444444
770	62.4444444444444
780	62.4444444444444
790	62.8888888888889
800	62.8888888888889
810	62.8888888888889
820	62.8888888888889
830	62.8888888888889
840	62.8888888888889
850	63.3333333333333
860	63.3333333333333
870	63.5555555555556
880	63.5555555555556
890	63.7777777777778
900	63.7777777777778
910	64
920	64.2222222222222
930	64.2222222222222
940	64.2222222222222
950	64.2222222222222
960	64.2222222222222
970	64.2222222222222
980	64.2222222222222
990	64.2222222222222
1000	64.2222222222222
1010	64.2222222222222
1020	64.2222222222222
1030	64.2222222222222
1040	64.2222222222222
1050	64.2222222222222
1060	64.2222222222222
1070	64.6666666666667
1080	64.6666666666667
1090	64.6666666666667
1100	64.6666666666667
1110	64.6666666666667
1120	64.6666666666667
1130	64.8888888888889
1140	65.3333333333333
1150	65.3333333333333
1160	65.5555555555556
1170	65.5555555555556
1180	65.5555555555556
1190	65.7777777777778
1200	65.7777777777778
1210	66.4444444444444
1220	66.6666666666667
1230	66.8888888888889
1240	66.8888888888889
1250	66.8888888888889
1260	67.1111111111111
1270	67.3333333333333
1280	67.7777777777778
1290	68
1300	68
1310	68.2222222222222
1320	68.6666666666667
1330	68.6666666666667
1340	68.6666666666667
1350	68.8888888888889
1360	68.8888888888889
1370	68.8888888888889
1380	69.1111111111111
1390	69.1111111111111
1400	69.1111111111111
1410	69.3333333333333
1420	69.3333333333333
1430	69.3333333333333
1440	69.3333333333333
1450	69.5555555555556
1460	69.5555555555556
1470	69.5555555555556
1480	69.5555555555556
1490	69.7777777777778
1500	70
1510	70.2222222222222
1520	70.4444444444444
1530	70.8888888888889
1540	71.1111111111111
1550	71.3333333333333
1560	71.3333333333333
1570	71.7777777777778
1580	72.2222222222222
1590	72.2222222222222
1600	72.2222222222222
1610	72.4444444444444
1620	72.4444444444444
1630	72.4444444444444
1640	72.6666666666667
1650	72.6666666666667
1660	72.6666666666667
1670	72.6666666666667
1680	72.8888888888889
1690	73.1111111111111
1700	73.1111111111111
1710	73.3333333333333
1720	73.5555555555556
1730	73.7777777777778
1740	73.7777777777778
1750	73.7777777777778
1760	73.7777777777778
1770	73.7777777777778
1780	73.7777777777778
1790	73.7777777777778
1800	74.2222222222222
1810	74.6666666666667
1820	74.6666666666667
1830	74.6666666666667
1840	74.6666666666667
1850	74.6666666666667
1860	74.8888888888889
1870	75.1111111111111
1880	75.3333333333333
1890	75.5555555555556
1900	75.5555555555556
1910	75.5555555555556
1920	76
1930	76.2222222222222
1940	76.2222222222222
1950	76.2222222222222
1960	76.4444444444444
1970	76.6666666666667
1980	76.8888888888889
1990	77.3333333333333
2000	77.3333333333333
2010	77.3333333333333
2020	77.5555555555556
2030	77.7777777777778
2040	78.2222222222222
2050	78.6666666666667
2060	78.6666666666667
2070	78.6666666666667
2080	78.6666666666667
2090	78.6666666666667
2100	78.8888888888889
2110	78.8888888888889
2120	79.1111111111111
2130	79.3333333333333
2140	79.5555555555556
2150	79.7777777777778
2160	80
2170	80.4444444444444
2180	80.4444444444444
2190	80.4444444444444
2200	80.8888888888889
2210	80.8888888888889
2220	81.3333333333333
2230	81.5555555555556
2240	81.5555555555556
2250	81.5555555555556
2260	81.5555555555556
2270	81.7777777777778
2280	82.2222222222222
2290	82.2222222222222
2300	82.2222222222222
2310	82.2222222222222
2320	82.2222222222222
2330	82.2222222222222
2340	82.6666666666667
2350	82.8888888888889
2360	82.8888888888889
2370	82.8888888888889
2380	82.8888888888889
2390	82.8888888888889
2400	82.8888888888889
2410	82.8888888888889
2420	82.8888888888889
2430	82.8888888888889
2440	83.1111111111111
2450	83.3333333333333
2460	83.3333333333333
2470	83.3333333333333
2480	83.7777777777778
2490	84
2500	84
2510	84.2222222222222
2520	84.4444444444444
2530	84.4444444444444
2540	84.4444444444444
2550	84.4444444444444
2560	84.6666666666667
2570	84.8888888888889
2580	84.8888888888889
2590	85.1111111111111
2600	85.1111111111111
2610	85.7777777777778
2620	85.7777777777778
2630	85.7777777777778
2640	85.7777777777778
2650	85.7777777777778
2660	85.7777777777778
2670	85.7777777777778
2680	85.7777777777778
2690	85.7777777777778
2700	86
2710	86.2222222222222
2720	86.4444444444444
2730	86.4444444444444
2740	86.6666666666667
2750	86.6666666666667
2760	86.6666666666667
2770	86.6666666666667
2780	86.6666666666667
2790	86.6666666666667
2800	86.6666666666667
2810	86.8888888888889
2820	87.1111111111111
2830	87.1111111111111
2840	87.5555555555556
2850	87.5555555555556
2860	87.5555555555556
2870	87.5555555555556
2880	87.7777777777778
2890	88.2222222222222
2900	88.4444444444444
2910	88.4444444444444
2920	88.6666666666667
2930	89.1111111111111
2940	89.1111111111111
2950	89.1111111111111
2960	89.1111111111111
2970	89.1111111111111
2980	89.1111111111111
2990	89.1111111111111
3000	89.1111111111111
3010	89.1111111111111
3020	89.1111111111111
3030	89.1111111111111
3040	89.1111111111111
3050	89.1111111111111
3060	89.1111111111111
3070	89.1111111111111
3080	89.1111111111111
3090	89.1111111111111
3100	89.3333333333333
3110	89.3333333333333
3120	89.3333333333333
3130	89.5555555555556
3140	89.7777777777778
3150	89.7777777777778
3160	89.7777777777778
3170	90
3180	90.2222222222222
3190	90.2222222222222
3200	90.2222222222222
3210	90.2222222222222
3220	90.4444444444444
3230	90.8888888888889
3240	91.1111111111111
3250	91.3333333333333
3260	91.3333333333333
3270	91.5555555555556
3280	91.5555555555556
3290	91.5555555555556
3300	91.5555555555556
3310	91.7777777777778
3320	91.7777777777778
3330	92
3340	92.2222222222222
3350	92.4444444444444
3360	92.4444444444444
3370	92.6666666666667
3380	93.3333333333333
3390	93.3333333333333
3400	93.3333333333333
3410	93.3333333333333
3420	93.3333333333333
3430	93.3333333333333
3440	93.5555555555556
3450	93.5555555555556
3460	93.5555555555556
3470	93.7777777777778
3480	93.7777777777778
3490	93.7777777777778
3500	93.7777777777778
3510	93.7777777777778
3520	93.7777777777778
3530	93.7777777777778
3540	93.7777777777778
3550	93.7777777777778
3560	94
3570	94
3580	94
3590	94
3600	94
3610	94
3620	94.2222222222222
3630	94.2222222222222
3640	94.2222222222222
3650	94.2222222222222
3660	94.2222222222222
3670	94.2222222222222
3680	94.2222222222222
3690	94.6666666666667
3700	94.8888888888889
3710	94.8888888888889
3720	94.8888888888889
3730	94.8888888888889
3740	95.1111111111111
3750	95.1111111111111
3760	95.1111111111111
3770	95.1111111111111
3780	95.1111111111111
3790	95.1111111111111
3800	95.3333333333333
3810	95.5555555555556
3820	95.5555555555556
3830	95.5555555555556
3840	95.5555555555556
3850	95.5555555555556
3860	95.5555555555556
3870	95.5555555555556
3880	95.5555555555556
3890	95.7777777777778
3900	95.7777777777778
3910	95.7777777777778
3920	95.7777777777778
3930	95.7777777777778
3940	95.7777777777778
3950	95.7777777777778
3960	96
3970	96
3980	96
3990	96
4000	96
4010	96
4020	96
4030	96.2222222222222
4040	96.2222222222222
4050	96.2222222222222
4060	96.2222222222222
4070	96.2222222222222
4080	96.2222222222222
4090	96.2222222222222
4100	96.2222222222222
4110	96.2222222222222
4120	96.2222222222222
4130	96.2222222222222
4140	96.4444444444444
4150	96.4444444444444
4160	96.4444444444444
4170	96.4444444444444
4180	96.4444444444444
4190	96.4444444444444
4200	96.4444444444444
4210	96.4444444444444
4220	96.4444444444444
4230	96.4444444444444
4240	96.4444444444444
4250	96.4444444444444
4260	96.6666666666667
4270	96.6666666666667
4280	96.8888888888889
4290	96.8888888888889
4300	96.8888888888889
4310	97.1111111111111
4320	97.1111111111111
4330	97.3333333333333
4340	97.3333333333333
4350	97.3333333333333
4360	97.3333333333333
4370	97.3333333333333
4380	97.3333333333333
4390	97.5555555555556
4400	97.5555555555556
4410	97.7777777777778
4420	97.7777777777778
4430	97.7777777777778
4440	97.7777777777778
4450	97.7777777777778
4460	97.7777777777778
4470	97.7777777777778
4480	97.7777777777778
4490	97.7777777777778
4500	97.7777777777778
4510	97.7777777777778
4520	97.7777777777778
4530	97.7777777777778
4540	97.7777777777778
4550	97.7777777777778
4560	97.7777777777778
4570	97.7777777777778
4580	97.7777777777778
4590	97.7777777777778
4600	97.7777777777778
4610	97.7777777777778
4620	97.7777777777778
4630	97.7777777777778
4640	97.7777777777778
4650	97.7777777777778
4660	97.7777777777778
4670	97.7777777777778
4680	97.7777777777778
4690	97.7777777777778
4700	97.7777777777778
4710	97.7777777777778
4720	97.7777777777778
4730	97.7777777777778
4740	97.7777777777778
4750	97.7777777777778
4760	97.7777777777778
4770	97.7777777777778
4780	97.7777777777778
4790	97.7777777777778
4800	97.7777777777778
4810	97.7777777777778
4820	97.7777777777778
4830	97.7777777777778
4840	97.7777777777778
4850	97.7777777777778
4860	97.7777777777778
4870	97.7777777777778
4880	97.7777777777778
4890	97.7777777777778
4900	97.7777777777778
4910	97.7777777777778
4920	97.7777777777778
4930	97.7777777777778
4940	97.7777777777778
4950	97.7777777777778
4960	97.7777777777778
4970	97.7777777777778
4980	98.2222222222222
4990	98.2222222222222
5000	98.2222222222222
5010	98.2222222222222
5020	98.2222222222222
5030	98.2222222222222
5040	98.2222222222222
5050	98.2222222222222
5060	98.2222222222222
5070	98.2222222222222
5080	98.2222222222222
5090	98.2222222222222
5100	98.2222222222222
5110	98.2222222222222
5120	98.2222222222222
5130	98.2222222222222
5140	98.2222222222222
5150	98.2222222222222
5160	98.2222222222222
5170	98.2222222222222
5180	98.4444444444444
5190	98.4444444444444
5200	98.4444444444444
5210	98.4444444444444
5220	98.4444444444444
5230	98.4444444444444
5240	98.4444444444444
5250	98.4444444444444
5260	98.4444444444444
5270	98.4444444444444
5280	98.4444444444444
5290	98.4444444444444
5300	98.4444444444444
5310	98.4444444444444
5320	98.4444444444444
5330	98.4444444444444
5340	98.4444444444444
5350	98.4444444444444
5360	98.4444444444444
5370	98.4444444444444
5380	98.4444444444444
5390	98.4444444444444
5400	98.4444444444444
5410	98.4444444444444
5420	98.4444444444444
5430	98.4444444444444
5440	98.4444444444444
5450	98.4444444444444
5460	98.4444444444444
5470	98.4444444444444
5480	98.4444444444444
5490	98.4444444444444
5500	98.4444444444444
5510	98.4444444444444
5520	98.4444444444444
5530	98.4444444444444
5540	98.4444444444444
5550	98.6666666666667
5560	98.6666666666667
5570	98.6666666666667
5580	98.6666666666667
5590	98.6666666666667
5600	98.6666666666667
5610	98.6666666666667
5620	98.6666666666667
5630	98.6666666666667
5640	98.6666666666667
5650	98.6666666666667
5660	98.6666666666667
5670	98.6666666666667
5680	98.6666666666667
5690	98.6666666666667
5700	98.6666666666667
5710	98.6666666666667
5720	98.6666666666667
5730	98.6666666666667
5740	98.8888888888889
5750	98.8888888888889
5760	98.8888888888889
5770	98.8888888888889
5780	98.8888888888889
5790	98.8888888888889
5800	98.8888888888889
5810	98.8888888888889
5820	98.8888888888889
5830	98.8888888888889
5840	98.8888888888889
5850	98.8888888888889
5860	98.8888888888889
5870	98.8888888888889
5880	98.8888888888889
5890	98.8888888888889
5900	98.8888888888889
5910	98.8888888888889
5920	98.8888888888889
5930	98.8888888888889
5940	98.8888888888889
5950	98.8888888888889
5960	98.8888888888889
5970	98.8888888888889
5980	98.8888888888889
5990	98.8888888888889
6000	98.8888888888889
6010	98.8888888888889
6020	98.8888888888889
6030	98.8888888888889
6040	98.8888888888889
6050	99.1111111111111
6060	99.1111111111111
6070	99.1111111111111
6080	99.1111111111111
6090	99.1111111111111
6100	99.1111111111111
6110	99.1111111111111
6120	99.1111111111111
6130	99.1111111111111
6140	99.1111111111111
6150	99.1111111111111
6160	99.1111111111111
6170	99.1111111111111
6180	99.1111111111111
6190	99.1111111111111
6200	99.1111111111111
6210	99.1111111111111
6220	99.1111111111111
6230	99.1111111111111
6240	99.1111111111111
6250	99.1111111111111
6260	99.1111111111111
6270	99.1111111111111
6280	99.1111111111111
6290	99.1111111111111
6300	99.1111111111111
6310	99.1111111111111
6320	99.1111111111111
6330	99.1111111111111
6340	99.1111111111111
6350	99.1111111111111
6360	99.1111111111111
6370	99.1111111111111
6380	99.1111111111111
6390	99.1111111111111
6400	99.1111111111111
6410	99.1111111111111
6420	99.1111111111111
6430	99.1111111111111
6440	99.1111111111111
6450	99.1111111111111
6460	99.1111111111111
6470	99.1111111111111
6480	99.1111111111111
6490	99.1111111111111
6500	99.1111111111111
6510	99.1111111111111
6520	99.1111111111111
6530	99.1111111111111
6540	99.1111111111111
6550	99.1111111111111
6560	99.1111111111111
6570	99.1111111111111
6580	99.1111111111111
6590	99.1111111111111
6600	99.1111111111111
6610	99.1111111111111
6620	99.1111111111111
6630	99.1111111111111
6640	99.1111111111111
6650	99.1111111111111
6660	99.1111111111111
6670	99.1111111111111
6680	99.1111111111111
6690	99.1111111111111
6700	99.1111111111111
6710	99.1111111111111
6720	99.1111111111111
6730	99.1111111111111
6740	99.1111111111111
6750	99.1111111111111
6760	99.1111111111111
6770	99.1111111111111
6780	99.1111111111111
6790	99.1111111111111
6800	99.1111111111111
6810	99.1111111111111
6820	99.1111111111111
6830	99.1111111111111
6840	99.1111111111111
6850	99.1111111111111
6860	99.1111111111111
6870	99.1111111111111
6880	99.1111111111111
6890	99.1111111111111
6900	99.1111111111111
6910	99.1111111111111
6920	99.1111111111111
6930	99.1111111111111
6940	99.1111111111111
6950	99.1111111111111
6960	99.1111111111111
6970	99.1111111111111
6980	99.1111111111111
6990	99.1111111111111
7000	99.1111111111111
7010	99.1111111111111
7020	99.1111111111111
7030	99.1111111111111
7040	99.1111111111111
7050	99.1111111111111
7060	99.1111111111111
7070	99.1111111111111
7080	99.1111111111111
7090	99.1111111111111
7100	99.1111111111111
7110	99.1111111111111
7120	99.1111111111111
7130	99.1111111111111
7140	99.1111111111111
7150	99.1111111111111
7160	99.1111111111111
7170	99.1111111111111
7180	99.1111111111111
7190	99.1111111111111
7200	99.1111111111111
7210	99.1111111111111
7220	99.1111111111111
7230	99.1111111111111
7240	99.1111111111111
7250	99.1111111111111
7260	99.1111111111111
7270	99.1111111111111
7280	99.1111111111111
7290	99.1111111111111
7300	99.3333333333333
7310	99.3333333333333
7320	99.3333333333333
7330	99.3333333333333
7340	99.3333333333333
7350	99.3333333333333
7360	99.3333333333333
7370	99.3333333333333
7380	99.3333333333333
7390	99.3333333333333
7400	99.3333333333333
7410	99.3333333333333
7420	99.3333333333333
7430	99.3333333333333
7440	99.3333333333333
7450	99.3333333333333
7460	99.3333333333333
7470	99.3333333333333
7480	99.3333333333333
7490	99.3333333333333
7500	99.3333333333333
7510	99.3333333333333
7520	99.3333333333333
7530	99.3333333333333
7540	99.3333333333333
7550	99.3333333333333
7560	99.3333333333333
7570	99.3333333333333
7580	99.3333333333333
7590	99.3333333333333
7600	99.3333333333333
7610	99.3333333333333
7620	99.3333333333333
7630	99.3333333333333
7640	99.3333333333333
7650	99.3333333333333
7660	99.3333333333333
7670	99.3333333333333
7680	99.3333333333333
7690	99.3333333333333
7700	99.3333333333333
7710	99.3333333333333
7720	99.3333333333333
7730	99.3333333333333
7740	99.3333333333333
7750	99.3333333333333
7760	99.3333333333333
7770	99.3333333333333
7780	99.3333333333333
7790	99.3333333333333
7800	99.3333333333333
7810	99.3333333333333
7820	99.3333333333333
7830	99.3333333333333
7840	99.3333333333333
7850	99.3333333333333
7860	99.3333333333333
7870	99.5555555555556
7880	99.5555555555556
7890	99.5555555555556
7900	99.5555555555556
7910	99.5555555555556
7920	99.5555555555556
7930	99.5555555555556
7940	99.5555555555556
7950	99.5555555555556
7960	99.5555555555556
7970	99.5555555555556
7980	99.5555555555556
7990	99.5555555555556
8000	99.5555555555556
8010	99.5555555555556
8020	99.5555555555556
8030	99.5555555555556
8040	99.5555555555556
8050	99.5555555555556
8060	99.5555555555556
8070	99.5555555555556
8080	99.5555555555556
8090	99.5555555555556
8100	99.5555555555556
8110	99.5555555555556
8120	99.5555555555556
8130	99.5555555555556
8140	99.5555555555556
8150	99.5555555555556
8160	99.5555555555556
8170	99.5555555555556
8180	99.5555555555556
8190	99.5555555555556
8200	99.5555555555556
8210	99.5555555555556
8220	99.5555555555556
8230	99.5555555555556
8240	99.5555555555556
8250	99.5555555555556
8260	99.5555555555556
8270	99.5555555555556
8280	99.5555555555556
8290	99.5555555555556
8300	99.5555555555556
8310	99.5555555555556
8320	99.5555555555556
8330	99.5555555555556
8340	99.5555555555556
8350	99.5555555555556
8360	99.5555555555556
8370	99.5555555555556
8380	99.5555555555556
8390	99.5555555555556
8400	99.5555555555556
8410	99.5555555555556
8420	99.5555555555556
8430	99.5555555555556
8440	99.5555555555556
8450	99.5555555555556
8460	99.5555555555556
8470	99.5555555555556
8480	99.5555555555556
8490	99.5555555555556
8500	99.5555555555556
8510	99.5555555555556
8520	99.5555555555556
8530	99.5555555555556
8540	99.5555555555556
8550	99.5555555555556
8560	99.5555555555556
8570	99.5555555555556
8580	99.5555555555556
8590	99.5555555555556
8600	99.5555555555556
8610	99.5555555555556
8620	99.5555555555556
8630	99.5555555555556
8640	99.5555555555556
8650	99.5555555555556
8660	99.5555555555556
8670	99.5555555555556
8680	99.5555555555556
8690	99.5555555555556
8700	99.5555555555556
8710	99.5555555555556
8720	99.5555555555556
8730	99.5555555555556
8740	99.5555555555556
8750	99.5555555555556
8760	99.5555555555556
8770	99.5555555555556
8780	99.5555555555556
8790	99.5555555555556
8800	99.5555555555556
8810	99.5555555555556
8820	99.5555555555556
8830	99.5555555555556
8840	99.5555555555556
8850	99.5555555555556
8860	99.5555555555556
8870	99.5555555555556
8880	99.5555555555556
8890	99.5555555555556
8900	99.5555555555556
8910	99.5555555555556
8920	99.5555555555556
8930	99.5555555555556
8940	99.5555555555556
8950	99.5555555555556
8960	99.5555555555556
8970	99.5555555555556
8980	99.5555555555556
8990	99.5555555555556
9000	99.5555555555556
9010	99.5555555555556
9020	99.5555555555556
9030	99.5555555555556
9040	99.5555555555556
9050	99.5555555555556
9060	99.5555555555556
9070	99.5555555555556
9080	99.5555555555556
9090	99.5555555555556
9100	99.5555555555556
9110	99.5555555555556
9120	99.5555555555556
9130	99.5555555555556
9140	99.5555555555556
9150	99.5555555555556
9160	99.5555555555556
9170	99.5555555555556
9180	99.5555555555556
9190	99.5555555555556
9200	99.5555555555556
9210	99.5555555555556
9220	99.5555555555556
9230	99.5555555555556
9240	99.5555555555556
9250	99.5555555555556
9260	99.5555555555556
9270	99.5555555555556
9280	99.5555555555556
9290	99.5555555555556
9300	99.5555555555556
9310	99.5555555555556
9320	99.5555555555556
9330	99.5555555555556
9340	99.5555555555556
9350	99.5555555555556
9360	99.5555555555556
9370	99.5555555555556
9380	99.5555555555556
9390	99.5555555555556
9400	99.5555555555556
9410	99.5555555555556
9420	99.5555555555556
9430	99.5555555555556
9440	99.5555555555556
9450	99.5555555555556
9460	99.5555555555556
9470	99.5555555555556
9480	99.5555555555556
9490	99.5555555555556
9500	99.5555555555556
9510	99.5555555555556
9520	99.5555555555556
9530	99.5555555555556
9540	99.5555555555556
9550	99.5555555555556
9560	99.5555555555556
9570	99.5555555555556
9580	99.5555555555556
9590	99.5555555555556
9600	99.5555555555556
9610	99.5555555555556
9620	99.5555555555556
9630	99.5555555555556
9640	99.5555555555556
9650	99.5555555555556
9660	99.5555555555556
9670	99.5555555555556
9680	99.5555555555556
9690	99.5555555555556
9700	99.5555555555556
9710	99.5555555555556
9720	99.5555555555556
9730	99.5555555555556
9740	99.5555555555556
9750	99.5555555555556
9760	99.5555555555556
9770	99.5555555555556
9780	99.5555555555556
9790	99.5555555555556
9800	99.5555555555556
9810	99.5555555555556
9820	99.5555555555556
9830	99.5555555555556
9840	99.5555555555556
9850	99.5555555555556
9860	99.5555555555556
9870	99.5555555555556
9880	99.5555555555556
9890	99.5555555555556
9900	99.5555555555556
9910	99.5555555555556
9920	99.5555555555556
9930	99.5555555555556
9940	99.5555555555556
9950	99.5555555555556
9960	99.5555555555556
9970	99.5555555555556
9980	99.5555555555556
9990	99.5555555555556
10000	99.5555555555556
10010	99.5555555555556
10020	99.5555555555556
10030	99.5555555555556
10040	99.5555555555556
10050	99.5555555555556
10060	99.5555555555556
10070	99.5555555555556
10080	99.5555555555556
10090	99.5555555555556
10100	99.5555555555556
10110	99.5555555555556
10120	99.5555555555556
10130	99.5555555555556
10140	99.5555555555556
10150	99.5555555555556
10160	99.5555555555556
10170	99.5555555555556
10180	99.5555555555556
10190	99.5555555555556
10200	99.5555555555556
10210	99.5555555555556
10220	99.5555555555556
10230	99.5555555555556
10240	99.5555555555556
10250	99.5555555555556
10260	99.5555555555556
10270	99.5555555555556
10280	99.5555555555556
10290	99.5555555555556
10300	99.5555555555556
10310	99.5555555555556
10320	99.5555555555556
10330	99.5555555555556
10340	99.5555555555556
10350	99.5555555555556
10360	99.5555555555556
10370	99.5555555555556
10380	99.5555555555556
10390	99.5555555555556
10400	99.5555555555556
10410	99.5555555555556
10420	99.5555555555556
10430	99.5555555555556
10440	99.5555555555556
10450	99.5555555555556
10460	99.5555555555556
10470	99.5555555555556
10480	99.5555555555556
10490	99.5555555555556
10500	99.5555555555556
10510	99.5555555555556
10520	99.5555555555556
10530	99.5555555555556
10540	99.5555555555556
10550	99.5555555555556
10560	99.5555555555556
10570	99.5555555555556
10580	99.5555555555556
10590	99.5555555555556
10600	99.5555555555556
10610	99.5555555555556
10620	99.5555555555556
10630	99.5555555555556
10640	99.5555555555556
10650	99.5555555555556
10660	99.5555555555556
10670	99.5555555555556
10680	99.5555555555556
10690	99.5555555555556
10700	99.5555555555556
10710	99.5555555555556
10720	99.5555555555556
10730	99.5555555555556
10740	99.5555555555556
10750	99.5555555555556
10760	99.5555555555556
10770	99.5555555555556
10780	99.5555555555556
10790	99.5555555555556
10800	99.5555555555556
10810	99.5555555555556
10820	99.5555555555556
10830	99.5555555555556
10840	99.5555555555556
10850	99.5555555555556
10860	99.5555555555556
10870	99.5555555555556
10880	99.5555555555556
10890	99.5555555555556
10900	99.5555555555556
10910	99.5555555555556
10920	99.5555555555556
10930	99.5555555555556
10940	99.5555555555556
10950	99.5555555555556
10960	99.5555555555556
10970	99.5555555555556
10980	99.5555555555556
10990	99.5555555555556
11000	99.5555555555556
11010	99.5555555555556
11020	99.5555555555556
11030	99.5555555555556
11040	99.5555555555556
11050	99.5555555555556
11060	99.5555555555556
11070	99.5555555555556
11080	99.5555555555556
11090	99.5555555555556
11100	99.5555555555556
11110	99.5555555555556
11120	99.5555555555556
11130	99.5555555555556
11140	99.5555555555556
11150	99.5555555555556
11160	99.5555555555556
11170	99.5555555555556
11180	99.5555555555556
11190	99.5555555555556
11200	99.5555555555556
11210	99.5555555555556
11220	99.5555555555556
11230	99.5555555555556
11240	99.5555555555556
11250	99.5555555555556
11260	99.5555555555556
11270	99.5555555555556
11280	99.5555555555556
11290	99.5555555555556
11300	99.5555555555556
11310	99.5555555555556
11320	99.5555555555556
11330	99.5555555555556
11340	99.5555555555556
11350	99.5555555555556
11360	99.5555555555556
11370	99.5555555555556
11380	99.5555555555556
11390	99.5555555555556
11400	99.5555555555556
11410	99.5555555555556
11420	99.5555555555556
11430	99.5555555555556
11440	99.5555555555556
11450	99.5555555555556
11460	99.5555555555556
11470	99.5555555555556
11480	99.5555555555556
11490	99.5555555555556
11500	99.5555555555556
11510	99.5555555555556
11520	99.5555555555556
11530	99.5555555555556
11540	99.5555555555556
11550	99.5555555555556
11560	99.5555555555556
11570	99.5555555555556
11580	99.5555555555556
11590	99.5555555555556
11600	99.5555555555556
11610	99.5555555555556
11620	99.5555555555556
11630	99.5555555555556
11640	99.5555555555556
11650	99.5555555555556
11660	99.5555555555556
11670	99.5555555555556
11680	99.5555555555556
11690	99.5555555555556
11700	99.5555555555556
11710	99.5555555555556
11720	99.5555555555556
11730	99.5555555555556
11740	99.5555555555556
11750	99.5555555555556
11760	99.5555555555556
11770	99.5555555555556
11780	99.5555555555556
11790	99.5555555555556
11800	99.5555555555556
11810	99.5555555555556
11820	99.5555555555556
11830	99.5555555555556
11840	99.5555555555556
11850	99.5555555555556
11860	99.5555555555556
11870	99.5555555555556
11880	99.5555555555556
11890	99.5555555555556
11900	99.5555555555556
11910	99.5555555555556
11920	99.5555555555556
11930	99.5555555555556
11940	99.5555555555556
11950	99.5555555555556
11960	99.5555555555556
11970	99.5555555555556
11980	99.5555555555556
11990	99.5555555555556
12000	99.5555555555556
12010	99.5555555555556
12020	99.5555555555556
12030	99.5555555555556
12040	99.5555555555556
12050	99.5555555555556
12060	99.5555555555556
12070	99.5555555555556
12080	99.5555555555556
12090	99.5555555555556
12100	99.5555555555556
12110	99.5555555555556
12120	99.5555555555556
12130	99.5555555555556
12140	99.5555555555556
12150	99.5555555555556
12160	99.5555555555556
12170	99.5555555555556
12180	99.5555555555556
12190	99.5555555555556
12200	99.5555555555556
12210	99.5555555555556
12220	99.5555555555556
12230	99.5555555555556
12240	99.5555555555556
12250	99.5555555555556
12260	99.5555555555556
12270	99.5555555555556
12280	99.5555555555556
12290	99.5555555555556
12300	99.5555555555556
12310	99.5555555555556
12320	99.5555555555556
12330	99.5555555555556
12340	99.5555555555556
12350	99.5555555555556
12360	99.5555555555556
12370	99.5555555555556
12380	99.5555555555556
12390	99.5555555555556
12400	99.5555555555556
12410	99.5555555555556
12420	99.5555555555556
12430	99.5555555555556
12440	99.5555555555556
12450	99.5555555555556
12460	99.5555555555556
12470	99.5555555555556
12480	99.5555555555556
12490	99.5555555555556
12500	99.5555555555556
12510	99.5555555555556
12520	99.5555555555556
12530	99.5555555555556
12540	99.5555555555556
12550	99.5555555555556
12560	99.5555555555556
12570	99.5555555555556
12580	99.5555555555556
12590	99.5555555555556
12600	99.5555555555556
12610	99.5555555555556
12620	99.5555555555556
12630	99.5555555555556
12640	99.5555555555556
12650	99.5555555555556
12660	99.5555555555556
12670	99.5555555555556
12680	99.5555555555556
12690	99.5555555555556
12700	99.5555555555556
12710	99.5555555555556
12720	99.5555555555556
12730	99.5555555555556
12740	99.5555555555556
12750	99.5555555555556
12760	99.5555555555556
12770	99.5555555555556
12780	99.5555555555556
12790	99.5555555555556
12800	99.5555555555556
12810	99.5555555555556
12820	99.5555555555556
12830	99.5555555555556
12840	99.5555555555556
12850	99.5555555555556
12860	99.5555555555556
12870	99.5555555555556
12880	99.5555555555556
12890	99.5555555555556
12900	99.5555555555556
12910	99.5555555555556
12920	99.5555555555556
12930	99.5555555555556
12940	99.5555555555556
12950	99.5555555555556
12960	99.5555555555556
12970	99.5555555555556
12980	99.5555555555556
12990	99.5555555555556
13000	99.5555555555556
13010	99.5555555555556
13020	99.5555555555556
13030	99.5555555555556
13040	99.5555555555556
13050	99.5555555555556
13060	99.5555555555556
13070	99.5555555555556
13080	99.5555555555556
13090	99.5555555555556
13100	99.5555555555556
13110	99.5555555555556
13120	99.5555555555556
13130	99.5555555555556
13140	99.5555555555556
13150	99.5555555555556
13160	99.5555555555556
13170	99.5555555555556
13180	99.5555555555556
13190	99.5555555555556
13200	99.5555555555556
13210	99.5555555555556
13220	99.5555555555556
13230	99.5555555555556
13240	99.5555555555556
13250	99.5555555555556
13260	99.5555555555556
13270	99.5555555555556
13280	99.5555555555556
13290	99.5555555555556
13300	99.5555555555556
13310	99.5555555555556
13320	99.5555555555556
13330	99.5555555555556
13340	99.5555555555556
13350	99.5555555555556
13360	99.5555555555556
13370	99.5555555555556
13380	99.5555555555556
13390	99.5555555555556
13400	99.5555555555556
13410	99.5555555555556
13420	99.5555555555556
13430	99.5555555555556
13440	99.5555555555556
13450	99.5555555555556
13460	99.5555555555556
13470	99.5555555555556
13480	99.5555555555556
13490	99.5555555555556
13500	99.5555555555556
13510	99.5555555555556
13520	99.5555555555556
13530	99.5555555555556
13540	99.5555555555556
13550	99.5555555555556
13560	99.5555555555556
13570	99.5555555555556
13580	99.5555555555556
13590	99.5555555555556
13600	99.5555555555556
13610	99.5555555555556
13620	99.5555555555556
13630	99.5555555555556
13640	99.5555555555556
13650	99.5555555555556
13660	99.5555555555556
13670	99.5555555555556
13680	99.5555555555556
13690	99.5555555555556
13700	99.5555555555556
13710	99.5555555555556
13720	99.5555555555556
13730	99.5555555555556
13740	99.5555555555556
13750	99.5555555555556
13760	99.5555555555556
13770	99.5555555555556
13780	99.5555555555556
13790	99.5555555555556
13800	99.5555555555556
13810	99.5555555555556
13820	99.5555555555556
13830	99.5555555555556
13840	99.5555555555556
13850	99.5555555555556
13860	99.5555555555556
13870	99.5555555555556
13880	99.5555555555556
13890	99.5555555555556
13900	99.5555555555556
13910	99.5555555555556
13920	99.5555555555556
13930	99.5555555555556
13940	99.5555555555556
13950	99.5555555555556
13960	99.5555555555556
13970	99.5555555555556
13980	99.5555555555556
13990	99.5555555555556
14000	99.5555555555556
14010	99.5555555555556
14020	99.5555555555556
14030	99.5555555555556
14040	99.5555555555556
14050	99.5555555555556
14060	99.5555555555556
14070	99.5555555555556
14080	99.5555555555556
14090	99.5555555555556
14100	99.5555555555556
14110	99.5555555555556
14120	99.5555555555556
14130	99.5555555555556
14140	99.5555555555556
14150	99.5555555555556
14160	99.5555555555556
14170	99.5555555555556
14180	99.5555555555556
14190	99.5555555555556
14200	99.5555555555556
14210	99.5555555555556
14220	99.5555555555556
14230	99.5555555555556
14240	99.5555555555556
14250	99.5555555555556
14260	99.5555555555556
14270	99.5555555555556
14280	99.5555555555556
14290	99.5555555555556
14300	99.5555555555556
14310	99.5555555555556
14320	99.5555555555556
14330	99.5555555555556
14340	99.5555555555556
14350	99.5555555555556
14360	99.5555555555556
14370	99.5555555555556
14380	99.5555555555556
14390	99.5555555555556
14400	99.5555555555556
14410	99.5555555555556
14420	99.5555555555556
14430	99.5555555555556
14440	99.5555555555556
14450	99.5555555555556
14460	99.5555555555556
14470	99.5555555555556
14480	99.5555555555556
14490	99.5555555555556
14500	99.5555555555556
14510	99.5555555555556
14520	99.5555555555556
14530	99.5555555555556
14540	99.5555555555556
14550	99.5555555555556
14560	99.5555555555556
14570	99.5555555555556
14580	99.5555555555556
14590	99.5555555555556
14600	99.5555555555556
14610	99.5555555555556
14620	99.5555555555556
14630	99.5555555555556
14640	99.5555555555556
14650	99.5555555555556
14660	99.5555555555556
14670	99.5555555555556
14680	99.5555555555556
14690	99.5555555555556
14700	99.5555555555556
14710	99.5555555555556
14720	99.5555555555556
14730	99.5555555555556
14740	99.5555555555556
14750	99.5555555555556
14760	99.5555555555556
14770	99.5555555555556
14780	99.5555555555556
14790	99.5555555555556
14800	99.5555555555556
14810	99.5555555555556
14820	99.5555555555556
14830	99.5555555555556
14840	99.5555555555556
14850	99.5555555555556
14860	99.5555555555556
14870	99.5555555555556
14880	99.5555555555556
14890	99.5555555555556
14900	99.5555555555556
14910	99.5555555555556
14920	99.5555555555556
14930	99.5555555555556
14940	99.5555555555556
14950	99.5555555555556
14960	99.5555555555556
14970	99.5555555555556
14980	99.5555555555556
14990	99.5555555555556
15000	99.5555555555556
15010	99.5555555555556
15020	99.5555555555556
15030	99.5555555555556
15040	99.5555555555556
15050	99.5555555555556
15060	99.5555555555556
15070	99.5555555555556
15080	99.5555555555556
15090	99.5555555555556
15100	99.5555555555556
15110	99.5555555555556
15120	99.5555555555556
15130	99.5555555555556
15140	99.5555555555556
15150	99.5555555555556
15160	99.5555555555556
15170	99.5555555555556
15180	99.5555555555556
15190	99.5555555555556
15200	99.5555555555556
15210	99.5555555555556
15220	99.5555555555556
15230	99.5555555555556
15240	99.5555555555556
15250	99.5555555555556
15260	99.5555555555556
15270	99.5555555555556
15280	99.5555555555556
15290	99.5555555555556
15300	99.5555555555556
15310	99.5555555555556
15320	99.5555555555556
15330	99.5555555555556
15340	99.5555555555556
15350	99.5555555555556
15360	99.5555555555556
15370	99.5555555555556
15380	99.5555555555556
15390	99.5555555555556
15400	99.5555555555556
15410	99.5555555555556
15420	99.5555555555556
15430	99.5555555555556
15440	99.5555555555556
15450	99.5555555555556
15460	99.5555555555556
15470	99.5555555555556
15480	99.5555555555556
15490	99.5555555555556
15500	99.5555555555556
15510	99.5555555555556
15520	99.5555555555556
15530	99.5555555555556
15540	99.5555555555556
15550	99.5555555555556
15560	99.5555555555556
15570	99.5555555555556
15580	99.5555555555556
15590	99.5555555555556
15600	99.5555555555556
15610	99.5555555555556
15620	99.5555555555556
15630	99.5555555555556
15640	99.5555555555556
15650	99.5555555555556
15660	99.5555555555556
15670	99.5555555555556
15680	99.5555555555556
15690	99.5555555555556
15700	99.5555555555556
15710	99.5555555555556
15720	99.5555555555556
15730	99.5555555555556
15740	99.5555555555556
15750	99.5555555555556
15760	99.5555555555556
15770	99.5555555555556
15780	99.5555555555556
15790	99.5555555555556
15800	99.5555555555556
15810	99.5555555555556
15820	99.5555555555556
15830	99.5555555555556
15840	99.5555555555556
15850	99.5555555555556
15860	99.5555555555556
15870	99.5555555555556
15880	99.5555555555556
15890	99.5555555555556
15900	99.5555555555556
15910	99.5555555555556
15920	99.5555555555556
15930	99.5555555555556
15940	99.5555555555556
15950	99.5555555555556
15960	99.5555555555556
15970	99.5555555555556
15980	99.5555555555556
15990	99.5555555555556
16000	99.5555555555556
16010	99.5555555555556
16020	99.5555555555556
16030	99.5555555555556
16040	99.5555555555556
16050	99.5555555555556
16060	99.5555555555556
16070	99.5555555555556
16080	99.5555555555556
16090	99.5555555555556
16100	99.5555555555556
16110	99.5555555555556
16120	99.5555555555556
16130	99.5555555555556
16140	99.5555555555556
16150	99.5555555555556
16160	99.5555555555556
16170	99.5555555555556
16180	99.5555555555556
16190	99.5555555555556
16200	99.5555555555556
16210	99.5555555555556
16220	99.5555555555556
16230	99.5555555555556
16240	99.5555555555556
16250	99.5555555555556
16260	99.5555555555556
16270	99.5555555555556
16280	99.5555555555556
16290	99.5555555555556
16300	99.5555555555556
16310	99.5555555555556
16320	99.5555555555556
16330	99.5555555555556
16340	99.5555555555556
16350	99.5555555555556
16360	99.5555555555556
16370	99.5555555555556
16380	99.5555555555556
16390	99.5555555555556
16400	99.5555555555556
16410	99.5555555555556
16420	99.5555555555556
16430	99.5555555555556
16440	99.5555555555556
16450	99.5555555555556
16460	99.5555555555556
16470	99.5555555555556
16480	99.5555555555556
16490	99.5555555555556
16500	99.5555555555556
16510	99.5555555555556
16520	99.5555555555556
16530	99.5555555555556
16540	99.5555555555556
16550	99.5555555555556
16560	99.5555555555556
16570	99.5555555555556
16580	99.5555555555556
16590	99.5555555555556
16600	99.5555555555556
16610	99.5555555555556
16620	99.5555555555556
16630	99.5555555555556
16640	99.5555555555556
16650	99.5555555555556
16660	99.5555555555556
16670	99.5555555555556
16680	99.5555555555556
16690	99.5555555555556
16700	99.5555555555556
16710	99.5555555555556
16720	99.5555555555556
16730	99.5555555555556
16740	99.5555555555556
16750	99.5555555555556
16760	99.5555555555556
16770	99.5555555555556
16780	99.5555555555556
16790	99.5555555555556
16800	99.5555555555556
16810	99.5555555555556
16820	99.5555555555556
16830	99.5555555555556
16840	99.5555555555556
16850	99.5555555555556
16860	99.5555555555556
16870	99.5555555555556
16880	99.5555555555556
16890	99.5555555555556
16900	99.5555555555556
16910	99.5555555555556
16920	99.5555555555556
16930	99.5555555555556
16940	99.5555555555556
16950	99.5555555555556
16960	99.5555555555556
16970	99.5555555555556
16980	99.5555555555556
16990	99.5555555555556
17000	99.5555555555556
17010	99.5555555555556
17020	99.5555555555556
17030	99.5555555555556
17040	99.5555555555556
17050	99.5555555555556
17060	99.5555555555556
17070	99.5555555555556
17080	99.5555555555556
17090	99.5555555555556
17100	99.5555555555556
17110	99.5555555555556
17120	99.5555555555556
17130	99.5555555555556
17140	99.5555555555556
17150	99.5555555555556
17160	99.5555555555556
17170	99.5555555555556
17180	99.5555555555556
17190	99.5555555555556
17200	99.5555555555556
17210	99.5555555555556
17220	99.5555555555556
17230	99.5555555555556
17240	99.5555555555556
17250	99.5555555555556
17260	99.5555555555556
17270	99.5555555555556
17280	99.5555555555556
17290	99.5555555555556
17300	99.5555555555556
17310	99.5555555555556
17320	99.5555555555556
17330	99.5555555555556
17340	99.5555555555556
17350	99.5555555555556
17360	99.5555555555556
17370	99.5555555555556
17380	99.5555555555556
17390	99.5555555555556
17400	99.5555555555556
17410	99.5555555555556
17420	99.5555555555556
17430	99.5555555555556
17440	99.5555555555556
17450	99.5555555555556
17460	99.5555555555556
17470	99.5555555555556
17480	99.5555555555556
17490	99.5555555555556
17500	99.5555555555556
17510	99.5555555555556
17520	99.5555555555556
17530	99.5555555555556
17540	99.5555555555556
17550	99.5555555555556
17560	99.5555555555556
17570	99.5555555555556
17580	99.5555555555556
17590	99.5555555555556
17600	99.5555555555556
17610	99.5555555555556
17620	99.5555555555556
17630	99.5555555555556
17640	99.5555555555556
17650	99.5555555555556
17660	99.5555555555556
17670	99.5555555555556
17680	99.5555555555556
17690	99.5555555555556
17700	99.5555555555556
17710	99.5555555555556
17720	99.5555555555556
17730	99.5555555555556
17740	99.5555555555556
17750	99.5555555555556
17760	99.5555555555556
17770	99.5555555555556
17780	99.5555555555556
17790	99.5555555555556
17800	99.5555555555556
17810	99.5555555555556
17820	99.5555555555556
17830	99.5555555555556
17840	99.5555555555556
17850	99.5555555555556
17860	99.5555555555556
17870	99.5555555555556
17880	99.5555555555556
17890	99.5555555555556
17900	99.5555555555556
17910	99.5555555555556
17920	99.5555555555556
17930	99.5555555555556
17940	99.5555555555556
17950	99.5555555555556
17960	99.5555555555556
17970	99.5555555555556
17980	99.5555555555556
17990	99.5555555555556
18000	99.5555555555556
18010	99.5555555555556
18020	99.5555555555556
18030	99.5555555555556
18040	99.5555555555556
18050	99.5555555555556
18060	99.5555555555556
18070	99.5555555555556
18080	99.5555555555556
18090	99.5555555555556
18100	99.5555555555556
18110	99.5555555555556
18120	99.5555555555556
18130	99.5555555555556
18140	99.5555555555556
18150	99.5555555555556
18160	99.5555555555556
18170	99.5555555555556
18180	99.5555555555556
18190	99.5555555555556
18200	99.5555555555556
18210	99.5555555555556
18220	99.5555555555556
18230	99.5555555555556
18240	99.5555555555556
18250	99.5555555555556
18260	99.5555555555556
18270	99.5555555555556
18280	99.5555555555556
18290	99.5555555555556
18300	99.5555555555556
18310	99.5555555555556
18320	99.5555555555556
18330	99.5555555555556
18340	99.5555555555556
18350	99.5555555555556
18360	99.5555555555556
18370	99.5555555555556
18380	99.5555555555556
18390	99.5555555555556
18400	99.5555555555556
18410	99.5555555555556
18420	99.5555555555556
18430	99.5555555555556
18440	99.5555555555556
18450	99.5555555555556
18460	99.5555555555556
18470	99.5555555555556
18480	99.5555555555556
18490	99.5555555555556
18500	99.5555555555556
18510	99.5555555555556
18520	99.5555555555556
18530	99.5555555555556
18540	99.5555555555556
18550	99.5555555555556
18560	99.5555555555556
18570	99.5555555555556
18580	99.5555555555556
18590	99.5555555555556
18600	99.5555555555556
18610	99.5555555555556
18620	99.5555555555556
18630	99.5555555555556
18640	99.5555555555556
18650	99.5555555555556
18660	99.5555555555556
18670	99.5555555555556
18680	99.5555555555556
18690	99.5555555555556
18700	99.5555555555556
18710	99.5555555555556
18720	99.5555555555556
18730	99.5555555555556
18740	99.5555555555556
18750	99.5555555555556
18760	99.5555555555556
18770	99.5555555555556
18780	99.5555555555556
18790	99.5555555555556
18800	99.5555555555556
18810	99.5555555555556
18820	99.5555555555556
18830	99.5555555555556
18840	99.5555555555556
18850	99.5555555555556
18860	99.5555555555556
18870	99.5555555555556
18880	99.5555555555556
18890	99.5555555555556
18900	99.5555555555556
18910	99.5555555555556
18920	99.5555555555556
18930	99.5555555555556
18940	99.5555555555556
18950	99.5555555555556
18960	99.5555555555556
18970	99.5555555555556
18980	99.5555555555556
18990	99.5555555555556
19000	99.5555555555556
19010	99.5555555555556
19020	99.5555555555556
19030	99.5555555555556
19040	99.5555555555556
19050	99.5555555555556
19060	99.5555555555556
19070	99.5555555555556
19080	99.5555555555556
19090	99.5555555555556
19100	99.5555555555556
19110	99.5555555555556
19120	99.5555555555556
19130	99.5555555555556
19140	99.5555555555556
19150	99.5555555555556
19160	99.5555555555556
19170	99.5555555555556
19180	99.5555555555556
19190	99.5555555555556
19200	99.5555555555556
19210	99.5555555555556
19220	99.5555555555556
19230	99.5555555555556
19240	99.5555555555556
19250	99.5555555555556
19260	99.5555555555556
19270	99.5555555555556
19280	99.5555555555556
19290	99.5555555555556
19300	99.5555555555556
19310	99.5555555555556
19320	99.5555555555556
19330	99.5555555555556
19340	99.5555555555556
19350	99.5555555555556
19360	99.5555555555556
19370	99.5555555555556
19380	99.5555555555556
19390	99.5555555555556
19400	99.5555555555556
19410	99.5555555555556
19420	99.5555555555556
19430	99.5555555555556
19440	99.5555555555556
19450	99.5555555555556
19460	99.5555555555556
19470	99.5555555555556
19480	99.5555555555556
19490	99.5555555555556
19500	99.5555555555556
19510	99.5555555555556
19520	99.5555555555556
19530	99.5555555555556
19540	99.5555555555556
19550	99.5555555555556
19560	99.5555555555556
19570	99.5555555555556
19580	99.5555555555556
19590	99.5555555555556
19600	99.5555555555556
19610	99.5555555555556
19620	99.5555555555556
19630	99.5555555555556
19640	99.5555555555556
19650	99.5555555555556
19660	99.5555555555556
19670	99.5555555555556
19680	99.5555555555556
19690	99.5555555555556
19700	99.5555555555556
19710	99.5555555555556
19720	99.5555555555556
19730	99.5555555555556
19740	99.5555555555556
19750	99.5555555555556
19760	99.5555555555556
19770	99.5555555555556
19780	99.5555555555556
19790	99.5555555555556
19800	99.5555555555556
19810	99.5555555555556
19820	99.5555555555556
19830	99.5555555555556
19840	99.5555555555556
19850	99.5555555555556
19860	99.5555555555556
19870	99.5555555555556
19880	99.5555555555556
19890	99.5555555555556
19900	99.5555555555556
19910	99.5555555555556
19920	99.5555555555556
19930	99.5555555555556
19940	99.5555555555556
19950	99.5555555555556
19960	99.5555555555556
19970	99.5555555555556
19980	99.5555555555556
19990	99.5555555555556
20000	99.5555555555556
20010	99.5555555555556
20020	99.5555555555556
20030	99.5555555555556
20040	99.5555555555556
20050	99.5555555555556
20060	99.5555555555556
20070	99.5555555555556
20080	99.5555555555556
20090	99.5555555555556
20100	99.5555555555556
20110	99.5555555555556
20120	99.5555555555556
20130	99.5555555555556
20140	99.5555555555556
20150	99.5555555555556
20160	99.5555555555556
20170	99.5555555555556
20180	99.5555555555556
20190	99.5555555555556
20200	99.5555555555556
20210	99.5555555555556
20220	99.5555555555556
20230	99.5555555555556
20240	99.5555555555556
20250	99.5555555555556
20260	99.5555555555556
20270	99.5555555555556
20280	99.5555555555556
20290	99.5555555555556
20300	99.5555555555556
20310	99.5555555555556
20320	99.5555555555556
20330	99.5555555555556
20340	99.5555555555556
20350	99.5555555555556
20360	99.5555555555556
20370	99.5555555555556
20380	99.5555555555556
20390	99.5555555555556
20400	99.5555555555556
20410	99.5555555555556
20420	99.5555555555556
20430	99.5555555555556
20440	99.5555555555556
20450	99.5555555555556
20460	99.5555555555556
20470	99.5555555555556
20480	99.5555555555556
20490	99.5555555555556
20500	99.5555555555556
20510	99.5555555555556
20520	99.5555555555556
20530	99.5555555555556
20540	99.5555555555556
20550	99.5555555555556
20560	99.5555555555556
20570	99.5555555555556
20580	99.5555555555556
20590	99.5555555555556
20600	99.5555555555556
20610	99.5555555555556
20620	99.5555555555556
20630	99.5555555555556
20640	99.5555555555556
20650	99.5555555555556
20660	99.5555555555556
20670	99.5555555555556
20680	99.5555555555556
20690	99.5555555555556
20700	99.5555555555556
20710	99.5555555555556
20720	99.5555555555556
20730	99.5555555555556
20740	99.5555555555556
20750	99.5555555555556
20760	99.5555555555556
20770	99.5555555555556
20780	99.5555555555556
20790	99.5555555555556
20800	99.5555555555556
20810	99.5555555555556
20820	99.5555555555556
20830	99.5555555555556
20840	99.5555555555556
20850	99.5555555555556
20860	99.5555555555556
20870	99.5555555555556
20880	99.5555555555556
20890	99.5555555555556
20900	99.5555555555556
20910	99.5555555555556
20920	99.5555555555556
20930	99.5555555555556
20940	99.5555555555556
20950	99.5555555555556
20960	99.5555555555556
20970	99.5555555555556
20980	99.5555555555556
20990	99.5555555555556
21000	99.5555555555556
21010	99.5555555555556
21020	99.5555555555556
21030	99.5555555555556
21040	99.5555555555556
21050	99.5555555555556
21060	99.5555555555556
21070	99.5555555555556
21080	99.5555555555556
21090	99.5555555555556
21100	99.5555555555556
21110	99.5555555555556
21120	99.5555555555556
21130	99.5555555555556
21140	99.5555555555556
21150	99.5555555555556
21160	99.5555555555556
21170	99.5555555555556
21180	99.5555555555556
21190	99.5555555555556
21200	99.5555555555556
21210	99.5555555555556
21220	99.5555555555556
21230	99.5555555555556
21240	99.5555555555556
21250	99.5555555555556
21260	99.5555555555556
21270	99.5555555555556
21280	99.5555555555556
21290	99.5555555555556
21300	99.5555555555556
21310	99.5555555555556
21320	99.5555555555556
21330	99.5555555555556
21340	99.5555555555556
21350	99.5555555555556
21360	99.5555555555556
21370	99.5555555555556
21380	99.5555555555556
21390	99.5555555555556
21400	99.5555555555556
21410	99.5555555555556
21420	99.5555555555556
21430	99.5555555555556
21440	99.5555555555556
21450	99.5555555555556
21460	99.5555555555556
21470	99.5555555555556
21480	99.5555555555556
21490	99.5555555555556
21500	99.5555555555556
21510	99.5555555555556
21520	99.5555555555556
21530	99.5555555555556
21540	99.5555555555556
21550	99.5555555555556
21560	99.5555555555556
21570	99.5555555555556
21580	99.5555555555556
21590	99.5555555555556
21600	99.5555555555556
21610	99.5555555555556
21620	99.5555555555556
21630	99.5555555555556
21640	99.5555555555556
21650	99.5555555555556
21660	99.5555555555556
21670	99.5555555555556
21680	99.5555555555556
21690	99.5555555555556
21700	99.5555555555556
21710	99.5555555555556
21720	99.5555555555556
21730	99.5555555555556
21740	99.5555555555556
21750	99.7777777777778
21760	99.7777777777778
21770	99.7777777777778
21780	99.7777777777778
21790	99.7777777777778
21800	99.7777777777778
21810	99.7777777777778
21820	99.7777777777778
21830	99.7777777777778
21840	99.7777777777778
21850	99.7777777777778
21860	99.7777777777778
21870	99.7777777777778
21880	99.7777777777778
21890	99.7777777777778
21900	99.7777777777778
21910	99.7777777777778
21920	99.7777777777778
21930	99.7777777777778
21940	99.7777777777778
21950	99.7777777777778
21960	99.7777777777778
21970	99.7777777777778
21980	99.7777777777778
21990	99.7777777777778
22000	99.7777777777778
22010	99.7777777777778
22020	99.7777777777778
22030	99.7777777777778
22040	99.7777777777778
22050	99.7777777777778
22060	99.7777777777778
22070	99.7777777777778
22080	99.7777777777778
22090	99.7777777777778
22100	99.7777777777778
22110	99.7777777777778
22120	99.7777777777778
22130	99.7777777777778
22140	99.7777777777778
22150	99.7777777777778
22160	99.7777777777778
22170	99.7777777777778
22180	99.7777777777778
22190	99.7777777777778
22200	99.7777777777778
22210	99.7777777777778
22220	99.7777777777778
22230	99.7777777777778
22240	99.7777777777778
22250	99.7777777777778
22260	99.7777777777778
22270	99.7777777777778
22280	99.7777777777778
22290	99.7777777777778
22300	99.7777777777778
22310	99.7777777777778
22320	99.7777777777778
22330	99.7777777777778
22340	99.7777777777778
22350	99.7777777777778
22360	99.7777777777778
22370	99.7777777777778
22380	99.7777777777778
22390	99.7777777777778
22400	99.7777777777778
22410	99.7777777777778
22420	99.7777777777778
22430	99.7777777777778
22440	99.7777777777778
22450	99.7777777777778
22460	99.7777777777778
22470	99.7777777777778
22480	99.7777777777778
22490	99.7777777777778
22500	99.7777777777778
22510	99.7777777777778
22520	99.7777777777778
22530	99.7777777777778
22540	99.7777777777778
22550	99.7777777777778
22560	99.7777777777778
22570	99.7777777777778
22580	99.7777777777778
22590	99.7777777777778
22600	99.7777777777778
22610	99.7777777777778
22620	99.7777777777778
22630	99.7777777777778
22640	99.7777777777778
22650	99.7777777777778
22660	99.7777777777778
22670	99.7777777777778
22680	99.7777777777778
22690	99.7777777777778
22700	99.7777777777778
22710	99.7777777777778
22720	99.7777777777778
22730	99.7777777777778
22740	99.7777777777778
22750	99.7777777777778
22760	99.7777777777778
22770	99.7777777777778
22780	99.7777777777778
22790	99.7777777777778
22800	99.7777777777778
22810	99.7777777777778
22820	99.7777777777778
22830	99.7777777777778
22840	99.7777777777778
22850	99.7777777777778
22860	99.7777777777778
22870	99.7777777777778
22880	99.7777777777778
22890	99.7777777777778
22900	99.7777777777778
22910	99.7777777777778
22920	99.7777777777778
22930	99.7777777777778
22940	99.7777777777778
22950	99.7777777777778
22960	99.7777777777778
22970	99.7777777777778
22980	99.7777777777778
22990	99.7777777777778
23000	99.7777777777778
23010	99.7777777777778
23020	99.7777777777778
23030	99.7777777777778
23040	99.7777777777778
23050	99.7777777777778
23060	99.7777777777778
23070	99.7777777777778
23080	99.7777777777778
23090	99.7777777777778
23100	99.7777777777778
23110	99.7777777777778
23120	99.7777777777778
23130	99.7777777777778
23140	99.7777777777778
23150	99.7777777777778
23160	99.7777777777778
23170	99.7777777777778
23180	99.7777777777778
23190	99.7777777777778
23200	99.7777777777778
23210	99.7777777777778
23220	99.7777777777778
23230	99.7777777777778
23240	99.7777777777778
23250	99.7777777777778
23260	99.7777777777778
23270	99.7777777777778
23280	99.7777777777778
23290	99.7777777777778
23300	99.7777777777778
23310	99.7777777777778
23320	99.7777777777778
23330	99.7777777777778
23340	99.7777777777778
23350	99.7777777777778
23360	99.7777777777778
23370	99.7777777777778
23380	99.7777777777778
23390	99.7777777777778
23400	99.7777777777778
23410	99.7777777777778
23420	99.7777777777778
23430	99.7777777777778
23440	99.7777777777778
23450	99.7777777777778
23460	99.7777777777778
23470	99.7777777777778
23480	99.7777777777778
23490	99.7777777777778
23500	99.7777777777778
23510	99.7777777777778
23520	99.7777777777778
23530	99.7777777777778
23540	99.7777777777778
23550	99.7777777777778
23560	99.7777777777778
23570	99.7777777777778
23580	99.7777777777778
23590	99.7777777777778
23600	99.7777777777778
23610	99.7777777777778
23620	99.7777777777778
23630	99.7777777777778
23640	99.7777777777778
23650	99.7777777777778
23660	99.7777777777778
23670	99.7777777777778
23680	99.7777777777778
23690	99.7777777777778
23700	99.7777777777778
23710	99.7777777777778
23720	99.7777777777778
23730	99.7777777777778
23740	99.7777777777778
23750	99.7777777777778
23760	99.7777777777778
23770	99.7777777777778
23780	99.7777777777778
23790	99.7777777777778
23800	99.7777777777778
23810	99.7777777777778
23820	99.7777777777778
23830	99.7777777777778
23840	99.7777777777778
23850	99.7777777777778
23860	99.7777777777778
23870	99.7777777777778
23880	99.7777777777778
23890	99.7777777777778
23900	99.7777777777778
23910	99.7777777777778
23920	99.7777777777778
23930	99.7777777777778
23940	99.7777777777778
23950	99.7777777777778
23960	99.7777777777778
23970	99.7777777777778
23980	99.7777777777778
23990	99.7777777777778
24000	99.7777777777778
24010	99.7777777777778
24020	99.7777777777778
24030	99.7777777777778
24040	99.7777777777778
24050	99.7777777777778
24060	99.7777777777778
24070	99.7777777777778
24080	99.7777777777778
24090	99.7777777777778
24100	99.7777777777778
24110	99.7777777777778
24120	99.7777777777778
24130	99.7777777777778
24140	99.7777777777778
24150	99.7777777777778
24160	99.7777777777778
24170	99.7777777777778
24180	99.7777777777778
24190	99.7777777777778
24200	99.7777777777778
24210	99.7777777777778
24220	99.7777777777778
24230	99.7777777777778
24240	99.7777777777778
24250	99.7777777777778
24260	99.7777777777778
24270	99.7777777777778
24280	99.7777777777778
24290	99.7777777777778
24300	99.7777777777778
24310	99.7777777777778
24320	99.7777777777778
24330	99.7777777777778
24340	99.7777777777778
24350	99.7777777777778
24360	99.7777777777778
24370	99.7777777777778
24380	99.7777777777778
24390	99.7777777777778
24400	99.7777777777778
24410	99.7777777777778
24420	99.7777777777778
24430	99.7777777777778
24440	99.7777777777778
24450	99.7777777777778
24460	99.7777777777778
24470	99.7777777777778
24480	99.7777777777778
24490	99.7777777777778
24500	99.7777777777778
24510	99.7777777777778
24520	99.7777777777778
24530	99.7777777777778
24540	99.7777777777778
24550	99.7777777777778
24560	99.7777777777778
24570	99.7777777777778
24580	99.7777777777778
24590	99.7777777777778
24600	99.7777777777778
24610	99.7777777777778
24620	99.7777777777778
24630	99.7777777777778
24640	99.7777777777778
24650	99.7777777777778
24660	99.7777777777778
24670	99.7777777777778
24680	99.7777777777778
24690	99.7777777777778
24700	99.7777777777778
24710	99.7777777777778
24720	99.7777777777778
24730	99.7777777777778
24740	99.7777777777778
24750	99.7777777777778
24760	99.7777777777778
24770	99.7777777777778
24780	99.7777777777778
24790	99.7777777777778
24800	99.7777777777778
24810	99.7777777777778
24820	99.7777777777778
24830	99.7777777777778
24840	99.7777777777778
24850	99.7777777777778
24860	99.7777777777778
24870	99.7777777777778
24880	99.7777777777778
24890	99.7777777777778
24900	99.7777777777778
24910	99.7777777777778
24920	99.7777777777778
24930	99.7777777777778
24940	99.7777777777778
24950	99.7777777777778
24960	99.7777777777778
24970	99.7777777777778
24980	99.7777777777778
24990	99.7777777777778
25000	99.7777777777778
25010	99.7777777777778
25020	99.7777777777778
25030	99.7777777777778
25040	99.7777777777778
25050	99.7777777777778
25060	99.7777777777778
25070	99.7777777777778
25080	99.7777777777778
25090	99.7777777777778
25100	99.7777777777778
25110	99.7777777777778
25120	99.7777777777778
25130	99.7777777777778
25140	99.7777777777778
25150	99.7777777777778
25160	99.7777777777778
25170	99.7777777777778
25180	99.7777777777778
25190	99.7777777777778
25200	99.7777777777778
25210	99.7777777777778
25220	99.7777777777778
25230	99.7777777777778
25240	99.7777777777778
25250	99.7777777777778
25260	99.7777777777778
25270	99.7777777777778
25280	99.7777777777778
25290	99.7777777777778
25300	99.7777777777778
25310	99.7777777777778
25320	99.7777777777778
25330	99.7777777777778
25340	99.7777777777778
25350	99.7777777777778
25360	99.7777777777778
25370	99.7777777777778
25380	99.7777777777778
25390	99.7777777777778
25400	99.7777777777778
25410	99.7777777777778
25420	99.7777777777778
25430	99.7777777777778
25440	99.7777777777778
25450	99.7777777777778
25460	99.7777777777778
25470	99.7777777777778
25480	99.7777777777778
25490	99.7777777777778
25500	99.7777777777778
25510	99.7777777777778
25520	99.7777777777778
25530	99.7777777777778
25540	99.7777777777778
25550	99.7777777777778
25560	99.7777777777778
25570	99.7777777777778
25580	99.7777777777778
25590	99.7777777777778
25600	99.7777777777778
25610	99.7777777777778
25620	99.7777777777778
25630	99.7777777777778
25640	99.7777777777778
25650	99.7777777777778
25660	99.7777777777778
25670	99.7777777777778
25680	99.7777777777778
25690	99.7777777777778
25700	99.7777777777778
25710	99.7777777777778
25720	99.7777777777778
25730	99.7777777777778
25740	99.7777777777778
25750	99.7777777777778
25760	99.7777777777778
25770	99.7777777777778
25780	99.7777777777778
25790	99.7777777777778
25800	99.7777777777778
25810	99.7777777777778
25820	99.7777777777778
25830	99.7777777777778
25840	99.7777777777778
25850	99.7777777777778
25860	99.7777777777778
25870	99.7777777777778
25880	99.7777777777778
25890	99.7777777777778
25900	99.7777777777778
25910	99.7777777777778
25920	99.7777777777778
25930	99.7777777777778
25940	99.7777777777778
25950	99.7777777777778
25960	99.7777777777778
25970	99.7777777777778
25980	99.7777777777778
25990	99.7777777777778
26000	99.7777777777778
26010	99.7777777777778
26020	99.7777777777778
26030	99.7777777777778
26040	99.7777777777778
26050	99.7777777777778
26060	99.7777777777778
26070	99.7777777777778
26080	99.7777777777778
26090	99.7777777777778
26100	99.7777777777778
26110	99.7777777777778
26120	99.7777777777778
26130	99.7777777777778
26140	99.7777777777778
26150	99.7777777777778
26160	99.7777777777778
26170	99.7777777777778
26180	99.7777777777778
26190	99.7777777777778
26200	99.7777777777778
26210	99.7777777777778
26220	99.7777777777778
26230	99.7777777777778
26240	99.7777777777778
26250	99.7777777777778
26260	99.7777777777778
26270	99.7777777777778
26280	99.7777777777778
26290	99.7777777777778
26300	99.7777777777778
26310	99.7777777777778
26320	99.7777777777778
26330	99.7777777777778
26340	99.7777777777778
26350	99.7777777777778
26360	99.7777777777778
26370	99.7777777777778
26380	99.7777777777778
26390	99.7777777777778
26400	99.7777777777778
26410	99.7777777777778
26420	99.7777777777778
26430	99.7777777777778
26440	99.7777777777778
26450	99.7777777777778
26460	99.7777777777778
26470	99.7777777777778
26480	99.7777777777778
26490	99.7777777777778
26500	99.7777777777778
26510	99.7777777777778
26520	99.7777777777778
26530	99.7777777777778
26540	99.7777777777778
26550	99.7777777777778
26560	99.7777777777778
26570	99.7777777777778
26580	99.7777777777778
26590	99.7777777777778
26600	99.7777777777778
26610	99.7777777777778
26620	99.7777777777778
26630	99.7777777777778
26640	99.7777777777778
26650	99.7777777777778
26660	99.7777777777778
26670	99.7777777777778
26680	99.7777777777778
26690	99.7777777777778
26700	99.7777777777778
26710	99.7777777777778
26720	99.7777777777778
26730	99.7777777777778
26740	99.7777777777778
26750	99.7777777777778
26760	99.7777777777778
26770	99.7777777777778
26780	99.7777777777778
26790	99.7777777777778
26800	99.7777777777778
26810	99.7777777777778
26820	99.7777777777778
26830	99.7777777777778
26840	99.7777777777778
26850	99.7777777777778
26860	99.7777777777778
26870	99.7777777777778
26880	99.7777777777778
26890	99.7777777777778
26900	99.7777777777778
26910	99.7777777777778
26920	99.7777777777778
26930	99.7777777777778
26940	99.7777777777778
26950	99.7777777777778
26960	99.7777777777778
26970	99.7777777777778
26980	99.7777777777778
26990	99.7777777777778
27000	99.7777777777778
27010	99.7777777777778
27020	99.7777777777778
27030	99.7777777777778
27040	99.7777777777778
27050	99.7777777777778
27060	99.7777777777778
27070	99.7777777777778
27080	99.7777777777778
27090	99.7777777777778
27100	99.7777777777778
27110	99.7777777777778
27120	99.7777777777778
27130	99.7777777777778
27140	99.7777777777778
27150	99.7777777777778
27160	99.7777777777778
27170	99.7777777777778
27180	99.7777777777778
27190	99.7777777777778
27200	99.7777777777778
27210	99.7777777777778
27220	99.7777777777778
27230	99.7777777777778
27240	99.7777777777778
27250	99.7777777777778
27260	99.7777777777778
27270	99.7777777777778
27280	99.7777777777778
27290	99.7777777777778
27300	99.7777777777778
27310	99.7777777777778
27320	99.7777777777778
27330	99.7777777777778
27340	99.7777777777778
27350	99.7777777777778
27360	99.7777777777778
27370	99.7777777777778
27380	99.7777777777778
27390	99.7777777777778
27400	99.7777777777778
27410	99.7777777777778
27420	99.7777777777778
27430	99.7777777777778
27440	99.7777777777778
27450	99.7777777777778
27460	99.7777777777778
27470	99.7777777777778
27480	99.7777777777778
27490	99.7777777777778
27500	99.7777777777778
27510	99.7777777777778
27520	99.7777777777778
27530	99.7777777777778
27540	99.7777777777778
27550	99.7777777777778
27560	99.7777777777778
27570	99.7777777777778
27580	99.7777777777778
27590	99.7777777777778
27600	99.7777777777778
27610	99.7777777777778
27620	99.7777777777778
27630	99.7777777777778
27640	99.7777777777778
27650	99.7777777777778
27660	99.7777777777778
27670	99.7777777777778
27680	99.7777777777778
27690	99.7777777777778
27700	99.7777777777778
27710	99.7777777777778
27720	99.7777777777778
27730	99.7777777777778
27740	99.7777777777778
27750	99.7777777777778
27760	99.7777777777778
27770	99.7777777777778
27780	99.7777777777778
27790	99.7777777777778
27800	99.7777777777778
27810	99.7777777777778
27820	99.7777777777778
27830	99.7777777777778
27840	99.7777777777778
27850	99.7777777777778
27860	99.7777777777778
27870	99.7777777777778
27880	99.7777777777778
27890	99.7777777777778
27900	99.7777777777778
27910	99.7777777777778
27920	99.7777777777778
27930	99.7777777777778
27940	99.7777777777778
27950	99.7777777777778
27960	99.7777777777778
27970	99.7777777777778
27980	99.7777777777778
27990	99.7777777777778
28000	99.7777777777778
28010	99.7777777777778
28020	99.7777777777778
28030	99.7777777777778
28040	99.7777777777778
28050	99.7777777777778
28060	99.7777777777778
28070	99.7777777777778
28080	99.7777777777778
28090	99.7777777777778
28100	99.7777777777778
28110	99.7777777777778
28120	99.7777777777778
28130	99.7777777777778
28140	99.7777777777778
28150	99.7777777777778
28160	99.7777777777778
28170	99.7777777777778
28180	99.7777777777778
28190	99.7777777777778
28200	99.7777777777778
28210	99.7777777777778
28220	99.7777777777778
28230	99.7777777777778
28240	99.7777777777778
28250	99.7777777777778
28260	99.7777777777778
28270	99.7777777777778
28280	99.7777777777778
28290	99.7777777777778
28300	99.7777777777778
28310	99.7777777777778
28320	99.7777777777778
28330	99.7777777777778
28340	99.7777777777778
28350	99.7777777777778
28360	99.7777777777778
28370	99.7777777777778
28380	99.7777777777778
28390	99.7777777777778
28400	99.7777777777778
28410	99.7777777777778
28420	99.7777777777778
28430	99.7777777777778
28440	99.7777777777778
28450	99.7777777777778
28460	99.7777777777778
28470	99.7777777777778
28480	99.7777777777778
28490	99.7777777777778
28500	99.7777777777778
28510	99.7777777777778
28520	99.7777777777778
28530	99.7777777777778
28540	99.7777777777778
28550	99.7777777777778
28560	99.7777777777778
28570	99.7777777777778
28580	99.7777777777778
28590	99.7777777777778
28600	99.7777777777778
28610	99.7777777777778
28620	99.7777777777778
28630	99.7777777777778
28640	99.7777777777778
28650	99.7777777777778
28660	99.7777777777778
28670	99.7777777777778
28680	99.7777777777778
28690	99.7777777777778
28700	99.7777777777778
28710	99.7777777777778
28720	99.7777777777778
28730	99.7777777777778
28740	99.7777777777778
28750	99.7777777777778
28760	99.7777777777778
28770	99.7777777777778
28780	99.7777777777778
28790	99.7777777777778
28800	99.7777777777778
28810	99.7777777777778
28820	99.7777777777778
28830	99.7777777777778
28840	99.7777777777778
28850	99.7777777777778
28860	99.7777777777778
28870	99.7777777777778
28880	99.7777777777778
28890	99.7777777777778
28900	99.7777777777778
28910	99.7777777777778
28920	99.7777777777778
28930	99.7777777777778
28940	99.7777777777778
28950	99.7777777777778
28960	99.7777777777778
28970	99.7777777777778
28980	99.7777777777778
28990	99.7777777777778
29000	99.7777777777778
29010	99.7777777777778
29020	99.7777777777778
29030	99.7777777777778
29040	99.7777777777778
29050	99.7777777777778
29060	99.7777777777778
29070	99.7777777777778
29080	99.7777777777778
29090	99.7777777777778
29100	99.7777777777778
29110	99.7777777777778
29120	99.7777777777778
29130	99.7777777777778
29140	99.7777777777778
29150	99.7777777777778
29160	99.7777777777778
29170	99.7777777777778
29180	99.7777777777778
29190	99.7777777777778
29200	99.7777777777778
29210	99.7777777777778
29220	99.7777777777778
29230	99.7777777777778
29240	99.7777777777778
29250	99.7777777777778
29260	99.7777777777778
29270	99.7777777777778
29280	99.7777777777778
29290	99.7777777777778
29300	99.7777777777778
29310	99.7777777777778
29320	99.7777777777778
29330	99.7777777777778
29340	99.7777777777778
29350	99.7777777777778
29360	99.7777777777778
29370	99.7777777777778
29380	99.7777777777778
29390	99.7777777777778
29400	99.7777777777778
29410	99.7777777777778
29420	99.7777777777778
29430	99.7777777777778
29440	99.7777777777778
29450	99.7777777777778
29460	99.7777777777778
29470	99.7777777777778
29480	99.7777777777778
29490	99.7777777777778
29500	99.7777777777778
29510	99.7777777777778
29520	99.7777777777778
29530	99.7777777777778
29540	99.7777777777778
29550	99.7777777777778
29560	99.7777777777778
29570	99.7777777777778
29580	99.7777777777778
29590	99.7777777777778
29600	99.7777777777778
29610	99.7777777777778
29620	99.7777777777778
29630	99.7777777777778
29640	99.7777777777778
29650	99.7777777777778
29660	99.7777777777778
29670	99.7777777777778
29680	99.7777777777778
29690	99.7777777777778
29700	99.7777777777778
29710	99.7777777777778
29720	99.7777777777778
29730	99.7777777777778
29740	99.7777777777778
29750	99.7777777777778
29760	99.7777777777778
29770	99.7777777777778
29780	99.7777777777778
29790	99.7777777777778
29800	99.7777777777778
29810	99.7777777777778
29820	99.7777777777778
29830	99.7777777777778
29840	99.7777777777778
29850	99.7777777777778
29860	99.7777777777778
29870	99.7777777777778
29880	99.7777777777778
29890	99.7777777777778
29900	99.7777777777778
29910	99.7777777777778
29920	99.7777777777778
29930	99.7777777777778
29940	99.7777777777778
29950	99.7777777777778
29960	99.7777777777778
29970	99.7777777777778
29980	99.7777777777778
29990	99.7777777777778
30000	99.7777777777778
30010	99.7777777777778
30020	99.7777777777778
30030	99.7777777777778
30040	99.7777777777778
30050	99.7777777777778
30060	99.7777777777778
30070	99.7777777777778
30080	99.7777777777778
30090	99.7777777777778
30100	99.7777777777778
30110	99.7777777777778
30120	99.7777777777778
30130	99.7777777777778
30140	99.7777777777778
30150	99.7777777777778
30160	99.7777777777778
30170	99.7777777777778
30180	99.7777777777778
30190	99.7777777777778
30200	99.7777777777778
30210	99.7777777777778
30220	99.7777777777778
30230	99.7777777777778
30240	99.7777777777778
30250	99.7777777777778
30260	99.7777777777778
30270	99.7777777777778
30280	99.7777777777778
30290	99.7777777777778
30300	99.7777777777778
30310	99.7777777777778
30320	99.7777777777778
30330	99.7777777777778
30340	99.7777777777778
30350	99.7777777777778
30360	99.7777777777778
30370	99.7777777777778
30380	99.7777777777778
30390	99.7777777777778
30400	99.7777777777778
30410	99.7777777777778
30420	99.7777777777778
30430	99.7777777777778
30440	99.7777777777778
30450	99.7777777777778
30460	99.7777777777778
30470	99.7777777777778
30480	99.7777777777778
30490	99.7777777777778
30500	99.7777777777778
30510	99.7777777777778
30520	99.7777777777778
30530	99.7777777777778
30540	99.7777777777778
30550	99.7777777777778
30560	99.7777777777778
30570	99.7777777777778
30580	99.7777777777778
30590	99.7777777777778
30600	99.7777777777778
30610	99.7777777777778
30620	99.7777777777778
30630	99.7777777777778
30640	99.7777777777778
30650	99.7777777777778
30660	99.7777777777778
30670	99.7777777777778
30680	99.7777777777778
30690	99.7777777777778
30700	99.7777777777778
30710	99.7777777777778
30720	99.7777777777778
30730	99.7777777777778
30740	99.7777777777778
30750	99.7777777777778
30760	99.7777777777778
30770	99.7777777777778
30780	99.7777777777778
30790	99.7777777777778
30800	99.7777777777778
30810	99.7777777777778
30820	99.7777777777778
30830	99.7777777777778
30840	99.7777777777778
30850	99.7777777777778
30860	99.7777777777778
30870	99.7777777777778
30880	99.7777777777778
30890	99.7777777777778
30900	99.7777777777778
30910	99.7777777777778
30920	99.7777777777778
30930	99.7777777777778
30940	99.7777777777778
30950	99.7777777777778
30960	99.7777777777778
30970	99.7777777777778
30980	99.7777777777778
30990	99.7777777777778
31000	99.7777777777778
31010	99.7777777777778
31020	99.7777777777778
31030	99.7777777777778
31040	99.7777777777778
31050	99.7777777777778
31060	99.7777777777778
31070	99.7777777777778
31080	99.7777777777778
31090	99.7777777777778
31100	99.7777777777778
31110	99.7777777777778
31120	99.7777777777778
31130	99.7777777777778
31140	99.7777777777778
31150	99.7777777777778
31160	99.7777777777778
31170	99.7777777777778
31180	99.7777777777778
31190	99.7777777777778
31200	99.7777777777778
31210	99.7777777777778
31220	99.7777777777778
31230	99.7777777777778
31240	99.7777777777778
31250	99.7777777777778
31260	99.7777777777778
31270	99.7777777777778
31280	99.7777777777778
31290	99.7777777777778
31300	99.7777777777778
31310	99.7777777777778
31320	99.7777777777778
31330	99.7777777777778
31340	99.7777777777778
31350	99.7777777777778
31360	99.7777777777778
31370	99.7777777777778
31380	99.7777777777778
31390	99.7777777777778
31400	99.7777777777778
31410	99.7777777777778
31420	99.7777777777778
31430	99.7777777777778
31440	99.7777777777778
31450	99.7777777777778
31460	99.7777777777778
31470	99.7777777777778
31480	99.7777777777778
31490	99.7777777777778
31500	99.7777777777778
31510	99.7777777777778
31520	99.7777777777778
31530	99.7777777777778
31540	99.7777777777778
31550	99.7777777777778
31560	99.7777777777778
31570	99.7777777777778
31580	99.7777777777778
31590	99.7777777777778
31600	99.7777777777778
31610	99.7777777777778
31620	99.7777777777778
31630	99.7777777777778
31640	99.7777777777778
31650	99.7777777777778
31660	99.7777777777778
31670	99.7777777777778
31680	99.7777777777778
31690	99.7777777777778
31700	99.7777777777778
31710	99.7777777777778
31720	99.7777777777778
31730	99.7777777777778
31740	99.7777777777778
31750	99.7777777777778
31760	99.7777777777778
31770	99.7777777777778
31780	99.7777777777778
31790	99.7777777777778
31800	99.7777777777778
31810	99.7777777777778
31820	99.7777777777778
31830	99.7777777777778
31840	99.7777777777778
31850	99.7777777777778
31860	99.7777777777778
31870	99.7777777777778
31880	99.7777777777778
31890	99.7777777777778
31900	99.7777777777778
31910	99.7777777777778
31920	99.7777777777778
31930	99.7777777777778
31940	99.7777777777778
31950	99.7777777777778
31960	99.7777777777778
31970	99.7777777777778
31980	99.7777777777778
31990	99.7777777777778
32000	99.7777777777778
32010	99.7777777777778
32020	99.7777777777778
32030	99.7777777777778
32040	99.7777777777778
32050	99.7777777777778
32060	99.7777777777778
32070	99.7777777777778
32080	99.7777777777778
32090	99.7777777777778
32100	99.7777777777778
32110	99.7777777777778
32120	99.7777777777778
32130	99.7777777777778
32140	99.7777777777778
32150	99.7777777777778
32160	99.7777777777778
32170	99.7777777777778
32180	99.7777777777778
32190	99.7777777777778
32200	99.7777777777778
32210	99.7777777777778
32220	99.7777777777778
32230	99.7777777777778
32240	99.7777777777778
32250	99.7777777777778
32260	99.7777777777778
32270	99.7777777777778
32280	99.7777777777778
32290	99.7777777777778
32300	99.7777777777778
32310	99.7777777777778
32320	99.7777777777778
32330	99.7777777777778
32340	99.7777777777778
32350	99.7777777777778
32360	99.7777777777778
32370	99.7777777777778
32380	99.7777777777778
32390	99.7777777777778
32400	99.7777777777778
32410	99.7777777777778
32420	99.7777777777778
32430	99.7777777777778
32440	99.7777777777778
32450	99.7777777777778
32460	99.7777777777778
32470	99.7777777777778
32480	99.7777777777778
32490	99.7777777777778
32500	99.7777777777778
32510	99.7777777777778
32520	99.7777777777778
32530	99.7777777777778
32540	99.7777777777778
32550	99.7777777777778
32560	99.7777777777778
32570	99.7777777777778
32580	99.7777777777778
32590	99.7777777777778
32600	99.7777777777778
32610	99.7777777777778
32620	99.7777777777778
32630	99.7777777777778
32640	99.7777777777778
32650	99.7777777777778
32660	99.7777777777778
32670	99.7777777777778
32680	99.7777777777778
32690	99.7777777777778
32700	99.7777777777778
32710	99.7777777777778
32720	99.7777777777778
32730	99.7777777777778
32740	99.7777777777778
32750	99.7777777777778
32760	99.7777777777778
32770	99.7777777777778
32780	99.7777777777778
32790	99.7777777777778
32800	99.7777777777778
32810	99.7777777777778
32820	99.7777777777778
32830	99.7777777777778
32840	99.7777777777778
32850	99.7777777777778
32860	99.7777777777778
32870	99.7777777777778
32880	99.7777777777778
32890	99.7777777777778
32900	99.7777777777778
32910	99.7777777777778
32920	99.7777777777778
32930	99.7777777777778
32940	99.7777777777778
32950	99.7777777777778
32960	99.7777777777778
32970	99.7777777777778
32980	99.7777777777778
32990	99.7777777777778
33000	99.7777777777778
33010	99.7777777777778
33020	99.7777777777778
33030	99.7777777777778
33040	99.7777777777778
33050	99.7777777777778
33060	99.7777777777778
33070	99.7777777777778
33080	99.7777777777778
33090	99.7777777777778
33100	99.7777777777778
33110	99.7777777777778
33120	99.7777777777778
33130	99.7777777777778
33140	99.7777777777778
33150	99.7777777777778
33160	99.7777777777778
33170	99.7777777777778
33180	99.7777777777778
33190	99.7777777777778
33200	99.7777777777778
33210	99.7777777777778
33220	99.7777777777778
33230	99.7777777777778
33240	99.7777777777778
33250	99.7777777777778
33260	99.7777777777778
33270	99.7777777777778
33280	99.7777777777778
33290	99.7777777777778
33300	99.7777777777778
33310	99.7777777777778
33320	99.7777777777778
33330	99.7777777777778
33340	99.7777777777778
33350	99.7777777777778
33360	99.7777777777778
33370	99.7777777777778
33380	99.7777777777778
33390	99.7777777777778
33400	99.7777777777778
33410	99.7777777777778
33420	99.7777777777778
33430	99.7777777777778
33440	99.7777777777778
33450	99.7777777777778
33460	99.7777777777778
33470	99.7777777777778
33480	99.7777777777778
33490	100
