
0 334631.208000
1 335949.384000
2 364389.384000
1 405311.208000
2 405969.384000
3 442989.384000
1 565511.208000
1 682571.208000
2 684610.600000
2 726011.816000
2 742451.208000
3 774009.992000
0 850750.600000
1 928271.816000
2 942369.992000
2 1015631.208000
3 1045271.816000
4 1047910.600000
0 1167251.816000
1 1170250.600000
2 1184229.992000
1 1191070.600000
2 1203251.208000
2 1238829.384000
3 1247710.600000
2 1275669.992000
2 1336209.384000
1 1423031.816000
2 1425369.384000
3 1495090.600000
4 1501869.992000
2 1527309.992000
3 1567150.600000
4 1577711.816000
5 1604111.208000
6 1622349.384000
7 1632371.816000
6 1664230.600000
7 1665609.992000
7 1672150.468000
8 1682590.600000
9 1683311.208000
10 1684509.992000
8 1729329.384000
8 1756269.384000
8 1789149.384000
6 1828871.208000
7 1832050.600000
7 1853050.600000
7 1898110.600000
5 1935551.208000
3 2011331.208000
4 2032089.384000
4 2063409.384000
5 2067671.208000
3 2082129.384000
2 2141831.816000
2 2162109.384000
3 2189109.992000
2 2246109.992000
1 2296991.816000
1 2328251.816000
1 2372889.384000
2 2421009.384000
1 2593571.208000
2 2605149.384000
3 2627050.600000
2 2745069.384000
3 2768830.600000
2 2834709.384000
2 2923509.992000
3 2964609.384000
4 2972351.208000
4 3020349.384000
1 3182769.384000
2 3184269.384000
3 3214569.384000
4 3218109.384000
5 3235389.384000
4 3328209.992000
3 3365469.992000
4 3373749.384000
2 3401529.992000
3 3441850.600000
3 3446171.208000
3 3533591.208000
3 3565629.992000
4 3647531.816000
5 3664869.384000
5 3708669.992000
5 3777429.384000
4 3835209.384000
3 3860951.816000
4 3876549.992000
4 3919811.208000
4 3952149.992000
4 3989829.384000
4 4030089.384000
3 4060209.384000
4 4071669.384000
2 4226949.992000
3 4244471.208000
4 4260729.992000
4 4303929.384000
3 4348150.600000
1 4423809.384000
2 4451889.992000
2 4474629.992000
3 4494790.600000
3 4553949.992000
4 4557249.384000
5 4559531.816000
5 4583411.208000
4 4633391.208000
3 4678091.816000
2 4703949.384000
3 4803251.208000
4 4810929.992000
5 4811049.384000
4 4816089.320000
5 4819449.384000
4 4834749.992000
4 4858869.384000
3 4863849.320000
3 4901169.384000
3 4937470.600000
2 4991709.384000
1 5032271.208000
2 5037911.208000
2 5053989.384000
3 5085009.992000
3 5164811.208000
3 5173810.600000
4 5182329.384000
5 5235431.208000
6 5285291.208000
5 5330409.992000
6 5338569.992000
6 5340489.384000
6 5349009.384000
6 5394371.816000
5 5406251.816000
4 5448129.384000
1 5564709.384000
1 5569689.320000
2 5596810.600000
3 5667969.384000
3 5693289.992000
1 5868489.384000
2 5947689.992000
3 6013871.208000
1 6069909.384000
1 6074949.320000
2 6090309.992000
3 6098349.384000
3 6120189.384000
4 6122469.384000
4 6131049.384000
3 6179949.992000
4 6235809.384000
3 6286329.992000
4 6317291.816000
4 6322569.992000
3 6348789.384000
3 6354609.384000
2 6418991.816000
3 6430391.208000
3 6467289.384000
4 6475090.600000
4 6513249.384000
4 6543431.208000
4 6544209.384000
3 6569951.208000
4 6578469.384000
4 6596889.992000
5 6613031.208000
5 6646389.384000
5 6658151.816000
5 6687130.600000
2 6781151.208000
2 6796689.992000
2 6864789.992000
2 6883329.384000
3 6885731.208000
3 6903851.816000
3 6974111.208000
2 7017189.384000
2 7032129.992000
2 7033450.600000
2 7034230.600000
2 7037891.208000
2 7072571.208000
2 7088470.600000
1 7115709.384000
2 7116669.384000
1 7150209.992000
2 7208469.992000
1 7269069.384000
1 7274771.816000
1 7308369.992000
1 7333210.600000
1 7397891.208000
1 7420269.992000
1 7482551.208000
1 7609989.384000
1 7614909.320000
1 7619949.320000
1 7624929.320000
1 7629909.320000
1 7634949.320000
1 7639989.320000
1 7645089.320000
1 7663031.816000
1 7743609.384000
1 7745049.992000
1 7757111.816000
2 7764789.992000
3 7778229.384000
4 7794429.992000
4 7801149.384000
3 7822749.384000
3 7827789.320000
2 7832709.320000
2 7836671.816000
2 7837749.320000
2 7842729.320000
2 7847709.320000
2 7849989.384000
2 7852749.320000
2 7854849.320000
2 7857729.320000
2 7859230.600000
2 7859829.320000
2 7864929.320000
2 7869849.320000
2 7874829.320000
2 7879869.320000
2 7884849.320000
2 7886110.600000
2 7914969.384000
1 7983369.384000
1 7983371.684000
1 8007550.600000
1 8026389.992000
2 8045951.816000
1 8163130.600000
1 8186711.208000
1 8199189.992000
2 8217790.600000
2 8235429.992000
2 8237111.816000
2 8280011.208000
2 8320449.992000
2 8337671.816000
2 8348351.208000
2 8378349.384000
2 8387889.384000
2 8393050.600000
2 8407991.208000
2 8443451.208000
2 8476511.208000
2 8540471.816000
3 8540770.600000
3 8541669.384000
3 8548990.600000
4 8558951.208000
4 8563631.816000
4 8602150.600000
4 8615529.384000
4 8630891.816000
1 8681111.816000
1 8746751.816000
1 8771289.992000
1 8775729.992000
1 8822471.816000
1 8827990.600000
1 8836330.600000
1 8850609.384000
1 8853671.816000
1 8887570.600000
1 8888350.600000
1 8951111.208000
1 8970609.384000
1 9011590.600000
1 9092831.816000
1 9122651.816000
1 9160270.600000
1 9180489.992000
1 9220629.384000
1 9225609.320000
1 9230589.320000
1 9235689.320000
1 9240609.320000
1 9245649.320000
1 9250629.320000
1 9255669.320000
1 9271211.208000
1 9311829.384000
2 9345251.816000
1 9416170.600000
1 9422649.992000
1 9478390.600000
1 9523330.600000
1 9537369.992000
1 9568689.384000
1 9573909.384000
1 9574510.600000
1 9685990.600000
1 9796571.208000
1 9797531.816000
1 9803231.208000
1 9844149.384000
1 9940630.600000
2 9945011.208000
2 9963729.992000
1 9981611.816000
1 9992589.384000
1 10000209.992000
1 10011309.384000
1 10026131.816000
1 10026851.208000
1 10060149.992000
1 10076771.208000
1 10165151.208000
1 10202231.208000
1 10213269.992000
1 10233011.208000
1 10249749.384000
1 10275189.992000
1 10279690.600000
1 10386429.384000
1 10450271.208000
2 10461131.208000
2 10499891.208000
1 10504749.384000
1 10541409.992000
1 10584670.600000
1 10606329.992000
1 10648269.992000
1 10703111.208000
2 10726690.600000
1 10854730.600000
1 10862050.600000
1 10955409.384000
1 10958351.816000
1 10983791.208000
1 10990571.208000
1 10992550.600000
1 11001671.208000
1 11031849.992000
1 11098991.208000
1 11127731.208000
1 11136489.992000
1 11142730.600000
1 11145790.600000
1 11161029.384000
1 11194509.992000
1 11198709.384000
1 11206569.384000
1 11240290.600000
1 11241549.992000
1 11243351.208000
1 11243650.600000
1 11245150.600000
1 11261471.208000
1 11285351.752000
1 11290029.384000
1 11302509.992000
1 11335871.208000
1 11380749.384000
1 11402770.600000
1 11431270.600000
1 11438591.208000
1 11506329.384000
1 11655790.600000
1 11709011.208000
1 11720770.600000
1 11740570.600000
1 11748189.992000
1 11767449.384000
1 11780051.208000
1 11812570.600000
1 11841371.208000
1 11872810.600000
1 11969351.208000
1 11989211.816000
1 11996769.384000
1 12037269.384000
1 12043449.992000
1 12068891.816000
1 12078250.600000
1 12087789.384000
1 12094990.600000
1 12115809.992000
1 12117431.816000
1 12153069.992000
1 12187210.600000
1 12249789.384000
1 12258430.600000
1 12269829.384000
1 12270429.384000
1 12278830.600000
1 12343991.208000
1 12389289.384000
1 12412690.600000
1 12436209.384000
1 12442689.384000
1 12472509.384000
1 12500111.816000
1 12505931.208000
1 12551110.600000
1 12561429.384000
1 12577449.992000
1 12648849.384000
1 12659709.992000
1 12688390.600000
1 12693849.384000
1 12721869.384000
1 12727091.208000
1 12731589.992000
1 12768730.600000
1 12782889.992000
1 12832451.816000
1 12887831.816000
1 12969731.208000
1 13012031.208000
1 13034771.208000
1 13042269.992000
1 13045389.384000
1 13052590.600000
1 13078689.384000
1 13109349.384000
1 13121649.384000
1 13130711.208000
1 13168031.816000
1 13177091.208000
1 13177451.208000
1 13204211.208000
1 13274049.384000
1 13311791.208000
1 13332309.992000
1 13402989.384000
1 13430469.384000
1 13435930.600000
1 13453391.208000
1 13482730.600000
1 13500551.208000
1 13508829.992000
1 13523590.600000
1 13528991.208000
1 13568229.384000
1 13575069.384000
1 13634109.384000
1 13658471.208000
1 13687991.208000
1 13782489.384000
1 13807150.600000
1 13882031.208000
1 13893191.208000
1 13902729.992000
1 13924209.384000
1 13926489.384000
1 13958769.992000
1 13963449.384000
1 14003531.816000
1 14011389.384000
1 14011630.600000
1 14024589.384000
1 14027049.992000
1 14032211.208000
1 14041810.600000
1 14130191.208000
1 14147110.600000
1 14208249.384000
1 14213711.208000
1 14221209.992000
1 14229191.208000
1 14239091.208000
1 14248689.384000
1 14251151.816000
1 14305990.600000
1 14314750.600000
