(1030980.167122 1 113 33 41732.768940)
(1052131.107519 2 46 30 37901.939739)
(1133279.860067 3 100 123 148454.662669)
(1140811.125847 4 62 87 3059.571123)
(1148761.861416 5 107 38 49765.137708)
(1240345.634225 6 55 119 4969.240314)
(1248419.611853 7 48 109 52875.455120)
(1266913.756407 8 98 63 43209.075073)
(1301479.621139 9 40 121 17114.067392)
(1303827.759903 10 91 61 160402.411788)
(1309070.504898 11 90 92 43367.131956)
(1335875.969889 12 115 28 183085.134768)
(1009531.029414 1 47 117 6372.642849)
(1019215.355310 2 113 87 49976.339596)
(1025957.237832 3 116 49 57082.546170)
(1035440.187657 4 118 57 151625.994795)
(1047675.218430 5 74 121 32096.792323)
(1067559.171317 6 29 69 5711.274713)
(1102103.026199 7 36 105 76544.465404)
(1163367.485584 8 111 66 125556.000374)
(1289119.050667 9 30 124 20365.597901)
(1292778.321953 10 37 27 3810.508210)
(1295042.031132 11 63 112 25221.062966)
(1349964.070478 12 50 68 52688.293982)
(1384054.728907 13 58 55 77806.836231)
(1474271.637422 14 104 122 234251.661995)
(1631543.699464 15 38 72 50699.787193)
(1756516.575023 16 27 89 51683.931557)
(1784470.048018 17 72 47 26063.988967)
